----- Node: 33812 Degree: 3
33826	33806
33826	33812
33812	33806
33812	33839
33806	33839
----- Node: 29254 Degree: 1
880	29254
----- Node: 6324 Degree: 12
6406	273
6406	370
6406	1672
6406	6324
1031	273
1031	370
1031	923
1031	1095
1031	1101
1031	1341
1031	1871
1031	6324
1095	273
1095	370
1095	923
1095	1101
1095	1341
1095	1672
1095	1871
1095	2262
1095	6323
1095	6324
1672	273
1672	923
1672	1101
1672	1341
1672	2262
1672	6324
1101	273
1101	370
1101	923
1101	6324
1871	273
1871	370
1871	1341
1871	2262
1871	6324
273	370
273	923
273	1341
273	6324
370	923
370	1341
370	2262
370	6323
370	6324
6323	2262
6323	6324
6324	923
6324	1341
6324	2262
----- Node: 16936 Degree: 1
16936	2215
----- Node: 29153 Degree: 5
29152	7848
29152	19026
29152	29150
29152	29151
29152	29153
29153	7848
29153	19026
29153	29150
29153	29151
7848	19026
7848	29150
7848	29151
19026	29150
19026	29151
29150	29151
----- Node: 5414 Degree: 4
5414	213
5414	4210
5414	5194
5414	5195
5194	213
5194	4210
5194	5195
5195	213
5195	4210
4210	213
----- Node: 22815 Degree: 3
530	5211
530	22814
530	22815
5211	22814
5211	22815
22814	22815
----- Node: 2899 Degree: 1
82	2899
----- Node: 7648 Degree: 25
526	292
526	314
526	592
526	672
526	1198
526	2654
526	3111
526	3117
526	3138
526	3915
526	4521
526	5750
526	7648
526	8977
526	11109
5775	672
5775	3111
5775	3117
5775	3138
5775	5313
5775	5734
5775	5750
5775	7648
1040	1629
1040	1824
1040	4542
1040	7648
8977	672
8977	3117
8977	3915
8977	5750
8977	7648
8977	7778
8977	11109
672	292
672	314
672	592
672	948
672	1198
672	3111
672	3117
672	3138
672	3915
672	4521
672	4542
672	5750
672	7648
672	11109
1824	948
1824	1629
1824	4542
1824	5313
1824	7648
292	314
292	592
292	1198
292	2654
292	3111
292	3117
292	3138
292	3915
292	5750
292	5926
292	7648
292	7778
5926	314
5926	592
5926	2654
5926	5750
5926	7648
5926	7778
3111	314
3111	592
3111	1198
3111	3117
3111	3138
3111	7648
3111	7778
4521	3915
4521	7648
4521	11109
3117	314
3117	592
3117	1198
3117	3138
3117	5734
3117	5750
3117	7648
3117	11109
1198	314
1198	3138
1198	5750
1198	7648
948	5750
948	7648
948	11109
314	592
314	2654
314	3138
314	3915
314	5750
314	7648
314	7778
4542	1629
4542	7648
5313	5750
5313	7648
3138	592
3138	5750
3138	7648
3138	7778
3915	592
3915	2654
3915	5750
3915	7648
3915	7778
3915	11109
592	2654
592	5750
592	7648
592	7778
1629	7648
2654	5750
2654	7648
2654	7778
7648	5734
7648	5750
7648	7778
7648	11109
7778	5750
----- Node: 25743 Degree: 3
25744	16191
25744	16198
25744	25743
16191	16198
16191	25743
16198	25743
----- Node: 11663 Degree: 6
2722	205
2722	4080
2722	4563
2722	9026
2722	11663
2722	11664
9026	205
9026	4080
9026	4563
9026	11663
9026	11664
205	4080
205	4563
205	11663
205	11664
11663	4080
11663	4563
11663	11664
4080	4563
4080	11664
11664	4563
----- Node: 8174 Degree: 2
308	8134
308	8174
8134	8174
----- Node: 28823 Degree: 1
19454	28823
----- Node: 23038 Degree: 2
3161	23038
3161	23075
23075	23038
----- Node: 5593 Degree: 4
5028	5593
102	5593
2666	5593
2348	5593
----- Node: 23658 Degree: 4
23648	23654
23648	23655
23648	23657
23648	23658
23654	23655
23654	23657
23654	23658
23655	23657
23655	23658
23657	23658
----- Node: 1154 Degree: 93
512	499
512	730
512	1154
1028	134
1028	175
1028	215
1028	263
1028	265
1028	273
1028	353
1028	370
1028	388
1028	420
1028	423
1028	444
1028	525
1028	585
1028	611
1028	639
1028	678
1028	686
1028	723
1028	734
1028	780
1028	804
1028	830
1028	839
1028	851
1028	924
1028	1031
1028	1032
1028	1036
1028	1049
1028	1050
1028	1061
1028	1069
1028	1083
1028	1084
1028	1087
1028	1101
1028	1104
1028	1154
1028	1162
1028	1170
1028	1189
1028	1190
1028	1191
1028	1193
1028	1213
1028	1233
1028	2096
1028	2740
1028	3093
1028	4513
1028	4534
1028	5991
1028	6018
1028	10855
1031	134
1031	263
1031	265
1031	273
1031	353
1031	370
1031	388
1031	420
1031	423
1031	444
1031	525
1031	585
1031	610
1031	639
1031	678
1031	723
1031	734
1031	830
1031	839
1031	924
1031	1032
1031	1036
1031	1049
1031	1050
1031	1061
1031	1069
1031	1084
1031	1087
1031	1101
1031	1104
1031	1154
1031	1162
1031	1170
1031	1189
1031	1190
1031	1191
1031	1193
1031	1213
1031	1233
1031	2096
1031	2740
1031	3093
1031	4513
1031	4534
1031	5991
1031	15194
1031	15195
1032	134
1032	265
1032	273
1032	370
1032	388
1032	423
1032	444
1032	678
1032	723
1032	734
1032	839
1032	1036
1032	1061
1032	1069
1032	1154
1032	1190
1032	1193
1032	1213
1032	1233
1032	2740
1032	4513
1032	4534
1032	13226
1032	17268
1036	134
1036	175
1036	241
1036	243
1036	263
1036	265
1036	273
1036	353
1036	370
1036	388
1036	423
1036	444
1036	525
1036	611
1036	639
1036	723
1036	734
1036	780
1036	839
1036	924
1036	1049
1036	1050
1036	1061
1036	1069
1036	1087
1036	1104
1036	1154
1036	1162
1036	1189
1036	1190
1036	1233
1036	2096
1036	2740
1036	3093
1036	4534
525	175
525	215
525	241
525	243
525	265
525	273
525	353
525	370
525	423
525	444
525	450
525	585
525	586
525	678
525	723
525	734
525	804
525	839
525	924
525	1049
525	1050
525	1061
525	1069
525	1101
525	1154
525	1162
525	1189
525	1190
525	1191
525	1193
525	1213
525	1233
525	2096
525	2740
525	3093
525	4513
4622	134
4622	215
4622	450
4622	451
4622	499
4622	610
4622	611
4622	1154
4622	1193
3093	243
3093	265
3093	353
3093	370
3093	610
3093	723
3093	734
3093	839
3093	924
3093	1154
3093	1162
3093	1189
1049	175
1049	273
1049	353
1049	370
1049	423
1049	444
1049	450
1049	585
1049	610
1049	611
1049	639
1049	723
1049	734
1049	796
1049	804
1049	851
1049	924
1049	1050
1049	1061
1049	1069
1049	1084
1049	1087
1049	1154
1049	1162
1049	1189
1049	1193
1049	1208
1049	1233
1049	2096
1049	2740
1049	5536
1050	134
1050	175
1050	263
1050	265
1050	273
1050	370
1050	423
1050	499
1050	610
1050	611
1050	639
1050	678
1050	723
1050	734
1050	796
1050	804
1050	924
1050	1061
1050	1069
1050	1154
1050	1162
1050	1189
1050	1190
1050	1191
1050	1193
1050	1213
1050	1233
1050	2096
1050	2740
1050	2818
1050	4513
1050	15194
1050	15195
1061	134
1061	175
1061	263
1061	265
1061	273
1061	370
1061	420
1061	423
1061	444
1061	585
1061	639
1061	678
1061	686
1061	723
1061	734
1061	780
1061	804
1061	830
1061	839
1061	851
1061	924
1061	1069
1061	1083
1061	1084
1061	1087
1061	1101
1061	1154
1061	1162
1061	1170
1061	1189
1061	1191
1061	1193
1061	1213
1061	1233
1061	2096
1061	2740
1061	4513
1061	4534
1061	4680
1069	175
1069	273
1069	370
1069	423
1069	450
1069	723
1069	734
1069	804
1069	924
1069	1101
1069	1154
1069	1162
1069	1190
1069	1213
1069	1233
1069	4534
2096	175
2096	241
2096	243
2096	263
2096	265
2096	273
2096	723
2096	734
2096	804
2096	1154
2096	1191
2096	1193
2096	1233
2096	4513
1083	273
1083	370
1083	423
1083	585
1083	639
1083	780
1083	830
1083	1101
1083	1104
1083	1154
1083	1212
1083	1213
1083	1233
1083	2740
1083	4513
1083	10855
1084	134
1084	265
1084	273
1084	353
1084	370
1084	388
1084	423
1084	444
1084	585
1084	639
1084	678
1084	723
1084	734
1084	830
1084	851
1084	924
1084	1087
1084	1154
1084	1170
1084	1213
1084	1233
1084	2740
1084	4075
1084	4534
1084	5536
1084	6018
2619	175
2619	241
2619	243
2619	370
2619	450
2619	610
2619	611
2619	734
2619	839
2619	1154
2619	1162
2619	1315
2619	2656
1087	134
1087	265
1087	273
1087	370
1087	388
1087	423
1087	444
1087	639
1087	734
1087	924
1087	1154
1087	1162
1087	1170
1087	1193
1087	1233
1087	2740
1087	4075
1087	4534
1087	5991
1087	6018
4680	263
4680	353
4680	370
4680	444
4680	639
4680	734
4680	830
4680	1154
4680	1162
4680	1170
4680	5536
4680	6018
4680	6447
4680	10830
585	175
585	215
585	241
585	265
585	273
585	353
585	370
585	423
585	444
585	450
585	451
585	586
585	639
585	678
585	734
585	780
585	830
585	839
585	851
585	1101
585	1104
585	1154
585	1189
585	1208
585	1212
585	1213
585	1233
585	2740
585	4513
585	10855
586	175
586	215
586	241
586	243
586	353
586	444
586	723
586	724
586	734
586	804
586	1154
586	1315
586	2656
1101	273
1101	353
1101	370
1101	420
1101	423
1101	444
1101	639
1101	734
1101	780
1101	830
1101	839
1101	851
1101	924
1101	1104
1101	1154
1101	1162
1101	1170
1101	1189
1101	1193
1101	1212
1101	1213
1101	1233
1101	2740
1101	4513
1101	10855
1101	14035
1101	17158
1101	17163
10830	353
10830	444
10830	639
10830	1154
10830	1170
10830	5536
10830	6018
10830	6447
1104	263
1104	265
1104	273
1104	353
1104	370
1104	423
1104	444
1104	451
1104	499
1104	639
1104	678
1104	734
1104	780
1104	839
1104	851
1104	1154
1104	1189
1104	1190
1104	1208
1104	10855
29790	1154
29790	4075
29790	16713
29790	17020
29790	17167
2656	175
2656	241
2656	243
2656	724
2656	734
2656	1154
2656	1315
610	215
610	243
610	451
610	499
610	611
610	734
610	1154
610	1162
610	1189
610	1190
610	15194
610	15195
611	215
611	273
611	450
611	451
611	499
611	723
611	734
611	804
611	1154
611	1162
611	1189
10855	353
10855	444
10855	639
10855	780
10855	830
10855	1154
10855	1212
10855	1233
10855	4513
17020	273
17020	734
17020	1154
17020	4075
17020	13226
17020	16713
17020	17167
17020	17268
639	134
639	175
639	241
639	243
639	265
639	273
639	353
639	370
639	388
639	423
639	444
639	678
639	723
639	734
639	780
639	830
639	839
639	851
639	924
639	1154
639	1162
639	1170
639	1208
639	1212
639	1213
639	1233
639	2740
639	4075
639	5536
639	5991
639	6018
639	6447
1154	134
1154	135
1154	175
1154	215
1154	241
1154	243
1154	263
1154	265
1154	273
1154	353
1154	370
1154	388
1154	420
1154	423
1154	444
1154	450
1154	451
1154	499
1154	678
1154	686
1154	723
1154	724
1154	730
1154	734
1154	780
1154	796
1154	804
1154	830
1154	839
1154	851
1154	924
1154	1162
1154	1170
1154	1189
1154	1190
1154	1191
1154	1193
1154	1208
1154	1212
1154	1213
1154	1233
1154	1315
1154	2740
1154	2818
1154	4075
1154	4513
1154	4534
1154	5536
1154	5991
1154	6018
1154	6447
1154	13225
1154	13226
1154	13228
1154	14035
1154	15194
1154	15195
1154	16713
1154	17158
1154	17163
1154	17167
1154	17268
1154	17345
134	135
134	175
134	241
134	243
134	265
134	273
134	353
134	370
134	388
134	420
134	423
134	444
134	450
134	686
134	734
134	924
134	1162
134	1170
134	1190
134	4075
134	6018
135	734
135	796
135	804
135	2818
1162	215
1162	243
1162	263
1162	273
1162	370
1162	423
1162	444
1162	450
1162	678
1162	723
1162	724
1162	734
1162	796
1162	804
1162	839
1162	851
1162	924
1162	1189
1162	1190
1162	1191
1162	1193
1162	1233
1162	1315
1170	273
1170	353
1170	370
1170	423
1170	444
1170	734
1170	830
1170	924
1170	4075
1170	5536
1170	6018
1170	6447
1189	175
1189	263
1189	265
1189	273
1189	370
1189	423
1189	723
1189	734
1189	830
1189	839
1189	924
1189	1190
1189	1191
1189	1193
1189	1233
1189	2740
1189	15194
678	175
678	263
678	265
678	273
678	353
678	370
678	388
678	423
678	444
678	686
678	723
678	734
678	780
678	839
678	851
678	1191
678	1213
678	1233
678	2740
678	4534
1190	175
1190	265
1190	273
1190	370
1190	423
1190	723
1190	734
1190	924
1190	1191
1190	1193
1190	1233
1190	15194
1190	16713
1191	175
1191	241
1191	265
1191	273
1191	423
1191	686
1191	723
1191	734
1191	924
1191	1193
1191	1213
1191	1233
1191	4513
1193	175
1193	265
1193	273
1193	370
1193	420
1193	423
1193	444
1193	723
1193	734
1193	1213
1193	1233
1193	4534
686	175
686	215
686	265
686	370
686	423
686	444
686	450
686	734
686	804
175	215
175	241
175	243
175	265
175	273
175	353
175	370
175	423
175	444
175	450
175	499
175	723
175	724
175	734
175	804
2740	273
2740	370
2740	444
2740	830
2740	839
2740	851
2740	924
2740	1213
2740	1233
2740	4513
2740	4534
2740	15194
1208	265
1208	370
1208	423
1208	734
1208	780
1208	851
1212	370
1212	423
1212	734
1212	780
1212	4513
1213	263
1213	265
1213	273
1213	370
1213	420
1213	423
1213	723
1213	734
1213	780
1213	1233
1213	4513
1213	4534
1213	14035
1213	17158
1213	17163
1213	17167
1233	263
1233	265
1233	273
1233	370
1233	388
1233	420
1233	423
1233	723
1233	734
1233	830
1233	839
1233	2818
1233	4513
1233	4534
723	241
723	263
723	265
723	273
723	353
723	370
723	423
723	444
723	450
723	734
723	804
723	839
723	924
723	4534
723	13226
723	13228
723	16713
723	17167
723	17268
724	215
724	241
724	243
724	734
724	1315
14035	780
14035	17158
14035	17163
215	241
215	243
215	265
215	273
215	353
215	423
215	444
215	450
215	451
215	499
215	734
215	804
215	839
215	924
215	1315
215	2818
734	241
734	243
734	263
734	265
734	273
734	353
734	370
734	388
734	423
734	444
734	450
734	499
734	780
734	796
734	804
734	839
734	851
734	924
734	2818
734	6018
734	13225
241	243
241	265
241	353
241	370
241	423
241	444
241	450
241	499
241	780
241	796
241	804
241	1315
241	2818
243	265
243	353
243	423
243	444
243	450
243	499
243	780
243	796
243	804
243	924
243	1315
243	2818
2818	273
2818	450
2818	796
2818	804
17158	780
17158	17163
263	265
263	273
263	353
263	370
263	423
263	4534
265	273
265	353
265	370
265	388
265	420
265	423
265	444
265	499
265	796
265	4513
265	4534
265	5991
265	13225
265	13226
265	13228
17163	780
780	273
780	353
780	370
780	423
780	444
780	830
780	851
780	4513
17167	273
17167	4075
17167	16713
17167	17268
17167	17345
273	353
273	370
273	388
273	420
273	423
273	444
273	830
273	839
273	851
273	924
273	4075
273	4513
273	4534
273	5536
273	5991
273	13226
273	16713
273	17268
273	17345
796	353
796	423
796	444
796	499
796	804
1315	451
1315	499
804	353
804	370
804	423
804	499
804	839
804	851
6447	353
6447	370
6447	5536
6447	6018
830	370
830	388
830	423
830	444
830	851
830	5991
839	353
839	370
839	423
839	444
839	450
839	924
16713	4075
16713	13226
16713	17268
851	353
851	370
851	423
851	444
851	499
851	924
851	5536
851	6018
15194	15195
353	370
353	420
353	423
353	444
353	499
353	5536
353	5991
353	6018
5991	370
5991	444
5991	6018
370	388
370	420
370	423
370	444
370	450
370	924
370	4075
370	4513
370	4534
370	6018
17268	4075
17268	13226
6018	444
6018	5536
388	423
388	924
924	423
924	444
924	450
5536	444
420	450
420	4534
423	444
423	499
13226	13228
444	499
444	4075
450	451
450	499
451	499
----- Node: 875 Degree: 133
4101	875
4101	1141
10757	875
520	75
520	76
520	131
520	155
520	172
520	183
520	326
520	566
520	875
520	910
520	1167
520	1560
1043	326
1043	378
1043	402
1043	423
1043	869
1043	875
1043	920
1043	1140
1043	1196
1043	1365
1043	1885
1043	1935
1043	2323
1043	2337
1043	8580
8213	75
8213	89
8213	183
8213	286
8213	402
8213	871
8213	875
8213	910
8213	920
8213	1196
8213	1365
8213	1885
8213	1902
8213	1935
8213	2911
8213	4392
8213	5158
8213	6833
2070	378
2070	875
2070	1053
2070	1935
1560	46
1560	75
1560	76
1560	91
1560	131
1560	155
1560	183
1560	286
1560	378
1560	869
1560	875
1560	879
1560	918
1560	1365
1560	1821
1053	75
1053	76
1053	89
1053	91
1053	172
1053	183
1053	286
1053	378
1053	402
1053	417
1053	423
1053	869
1053	872
1053	875
1053	910
1053	918
1053	920
1053	1141
1053	1167
1053	1365
1053	1814
1053	1842
1053	1902
1053	1930
1053	2088
1053	2323
1053	2900
1053	2911
1053	4392
1053	4413
1059	423
1059	875
1059	1102
1059	1140
1059	1141
1059	1142
5158	91
5158	183
5158	871
5158	875
5158	883
5158	899
5158	1196
5158	1365
5158	1885
5158	1902
5158	1935
2088	131
2088	172
2088	183
2088	402
2088	872
2088	875
2088	1902
2088	1916
2088	1930
2088	2006
2088	2323
2088	4392
2088	4588
2088	4844
46	75
46	83
46	89
46	90
46	286
46	402
46	875
46	879
46	918
46	920
46	1365
566	76
566	875
566	1936
566	6833
4667	155
4667	875
4667	879
75	76
75	83
75	89
75	91
75	112
75	131
75	155
75	183
75	326
75	378
75	402
75	417
75	869
75	871
75	872
75	875
75	883
75	899
75	910
75	918
75	920
75	1196
75	1365
75	1685
75	1821
75	1902
75	1935
75	1937
75	2323
75	2529
75	2816
75	2911
75	4392
75	4588
75	5248
75	8580
76	83
76	89
76	91
76	131
76	155
76	168
76	172
76	183
76	251
76	326
76	378
76	417
76	423
76	813
76	871
76	873
76	875
76	879
76	899
76	910
76	1196
76	1365
76	1685
76	1756
76	1775
1102	286
1102	423
1102	875
1102	1140
1102	1141
1102	1142
1102	1821
83	89
83	90
83	91
83	155
83	172
83	183
83	402
83	417
83	869
83	871
83	872
83	873
83	874
83	875
83	879
83	883
83	894
83	899
83	910
83	918
83	920
3669	286
3669	875
89	90
89	91
89	131
89	155
89	168
89	172
89	183
89	286
89	326
89	378
89	402
89	418
89	423
89	871
89	875
89	899
89	910
89	920
89	1196
89	1365
89	1685
89	1814
89	1821
89	1842
89	1902
89	1935
89	2323
89	2529
89	2911
89	4376
89	4392
89	4588
89	8580
90	91
90	155
90	168
90	251
90	326
90	378
90	402
90	417
90	418
90	423
90	813
90	869
90	874
90	875
90	879
90	883
90	894
90	899
90	910
90	1834
90	2256
91	131
91	155
91	172
91	183
91	286
91	326
91	417
91	871
91	875
91	883
91	899
91	910
91	920
91	1196
91	1821
91	1902
91	1935
91	1937
91	2323
91	8580
5222	875
5222	1775
5222	5243
5222	11999
112	875
112	1814
112	1842
112	1902
112	2767
112	2911
1140	286
1140	378
1140	418
1140	423
1140	875
1140	1141
1140	1142
1141	168
1141	172
1141	183
1141	286
1141	423
1141	872
1141	873
1141	875
1141	1142
1141	1902
1141	1930
1141	2323
1141	2479
1141	2489
1141	4392
1141	4588
1142	251
1142	423
1142	875
5243	875
5243	1775
5243	11999
5248	875
131	155
131	172
131	875
131	879
131	918
5770	875
1167	168
1167	251
1167	286
1167	418
1167	423
1167	873
1167	875
1167	2489
1167	2496
1685	378
1685	875
1685	1814
1685	1821
1685	2323
1685	2337
1685	2911
155	172
155	183
155	326
155	378
155	417
155	423
155	871
155	873
155	874
155	875
155	879
155	883
155	910
155	918
155	920
155	1842
155	1885
155	1935
155	2529
155	6833
168	172
168	183
168	251
168	286
168	418
168	423
168	873
168	874
168	875
168	1916
168	2479
168	2489
168	2496
172	183
172	251
172	286
172	326
172	378
172	402
172	417
172	418
172	423
172	869
172	872
172	873
172	874
172	875
172	1902
172	1930
172	2479
172	2529
172	2543
1196	183
1196	418
1196	423
1196	869
1196	871
1196	875
1196	883
1196	899
1196	910
1196	920
1196	1365
1196	1902
1196	1935
1196	2337
1196	2529
1196	6833
1196	8580
1196	11981
6833	875
6833	879
183	286
183	402
183	418
183	869
183	872
183	873
183	874
183	875
183	910
183	918
183	920
183	1365
183	1902
183	2323
183	2489
183	2529
191	872
191	875
191	1887
3785	875
11977	875
11977	11984
11978	875
4812	875
4812	1821
4812	1902
4812	1936
4812	1937
4812	1946
4812	2006
4812	2014
4812	4588
4812	11997
11979	875
2254	875
2254	2256
2254	4413
2254	11981
2254	12000
2767	378
2767	875
2767	1814
2767	1842
2767	2911
2256	875
11980	875
11981	869
11981	875
11981	1365
11981	1902
11981	1937
11981	4413
11981	4588
11982	875
11983	875
11984	875
11985	875
11986	875
11987	875
11988	875
11988	11989
11988	11990
11988	12001
11989	875
11989	11990
11989	12001
11990	875
1756	251
1756	286
1756	875
1756	920
11991	875
11992	875
11993	875
11994	869
11994	875
11994	1930
11994	2489
11994	4588
11994	12002
11995	875
11996	869
11996	875
11996	1930
11997	875
11997	1821
11997	1946
11997	2006
11998	875
11999	875
11999	1775
12000	875
12001	875
12002	875
12002	1930
12002	4588
12003	875
12004	869
12004	875
12005	875
4844	286
4844	875
4844	918
4844	920
4844	1821
4844	1935
4844	1946
4844	2323
4844	2337
1775	875
4858	875
4858	918
4858	1821
4858	1937
4858	4588
251	286
251	326
251	418
251	875
251	1916
251	2489
251	2496
2816	402
2816	875
2323	378
2323	875
2323	918
2323	1814
2323	1902
2323	1916
2323	2006
2323	2529
2323	4376
2323	4392
2323	8580
1814	326
1814	378
1814	417
1814	875
1814	1365
1814	1821
1814	1842
1814	2911
4376	875
4376	4392
1821	326
1821	871
1821	875
1821	918
1821	1902
1821	1935
1821	1937
1821	1946
1821	2006
1821	2337
1821	2479
1821	2911
1821	4392
1821	8580
286	326
286	378
286	418
286	423
286	869
286	873
286	875
286	910
286	918
286	1916
286	1935
286	1946
286	2337
286	2479
286	2489
286	2496
286	4392
286	4413
2337	875
2337	918
2337	920
2337	1365
2337	1936
2337	1946
2337	2006
4392	402
4392	875
4392	920
4392	1365
4392	1902
4392	1946
4392	2911
1834	326
1834	813
1834	875
813	326
813	875
1842	326
1842	378
1842	417
1842	875
1842	1365
1842	1935
1842	2911
4413	875
4421	875
4421	918
326	378
326	402
326	875
326	879
326	920
326	1885
2900	875
1365	378
1365	402
1365	871
1365	875
1365	883
1365	910
1365	918
1365	920
1365	1885
1365	1902
1365	1916
1365	1935
1365	1936
1365	1937
1365	2006
1365	2529
1365	4588
1365	8580
1885	402
1885	875
1885	920
1885	1935
1887	872
1887	875
2911	875
2911	910
2911	1902
2911	8580
869	423
869	875
869	894
869	1930
869	1935
869	2479
869	2489
871	875
871	883
871	899
871	910
871	918
871	1902
871	1935
871	1936
871	2529
871	8580
872	378
872	402
872	873
872	874
872	875
873	402
873	418
873	874
873	875
873	918
873	2489
874	402
874	875
875	378
875	402
875	417
875	418
875	423
875	879
875	883
875	894
875	899
875	910
875	918
875	920
875	1902
875	1916
875	1930
875	1935
875	1936
875	1937
875	1946
875	2006
875	2014
875	2479
875	2489
875	2496
875	2529
875	2543
875	2977
875	4588
875	8580
875	10729
1902	402
1902	883
1902	910
1902	1930
1902	1935
1902	1937
1902	4588
1902	8580
879	378
883	910
378	402
378	417
378	423
378	910
378	918
378	2489
378	2529
1916	918
1916	2006
899	910
899	920
8580	910
8580	920
1930	2489
1930	4588
910	920
1935	418
1935	920
1935	1936
1935	2014
1935	2977
1936	918
1936	1946
1936	2006
1936	2014
1937	920
1937	2479
1937	4588
402	423
402	920
402	2529
918	2006
918	2489
920	2977
920	4588
1946	2006
1946	2479
418	423
418	2496
2489	2496
2006	2014
----- Node: 24140 Degree: 1
24140	2253
----- Node: 10240 Degree: 5
10240	1365
10240	1976
10240	2832
10240	2847
10240	24390
24390	1365
2832	1976
2832	2847
1976	2847
----- Node: 144 Degree: 146
1028	123
1028	134
1028	136
1028	144
1028	151
1028	175
1028	265
1028	326
1028	400
1028	417
1028	442
1028	455
1028	525
1028	642
1028	685
1028	686
1028	723
1028	802
1028	815
1028	1049
1028	1050
1028	1191
1028	1193
1028	1507
1028	1765
1028	2096
1028	2165
1028	2189
1028	2234
1028	2774
1028	4213
1028	4248
1028	4340
1028	4538
5	56
5	136
5	140
5	144
5	151
520	74
520	76
520	134
520	136
520	140
520	144
520	166
520	175
520	186
520	229
520	234
520	241
520	265
520	326
520	355
520	383
520	400
520	442
520	462
520	525
520	528
520	539
520	562
520	686
520	802
520	815
520	1340
520	1765
520	2189
520	4149
520	4538
525	76
525	136
525	140
525	144
525	166
525	175
525	192
525	225
525	229
525	234
525	241
525	255
525	265
525	293
525	315
525	355
525	383
525	424
525	425
525	562
525	586
525	642
525	685
525	723
525	1049
525	1050
525	1191
525	1193
525	1304
525	1334
525	1507
525	1562
525	1767
525	1907
525	2096
525	2165
525	2215
525	2601
525	2736
525	2776
525	2886
525	2939
525	3004
525	3046
525	3101
525	3182
525	4148
525	4152
525	4213
525	4230
525	4248
525	4293
528	56
528	74
528	76
528	134
528	136
528	144
528	175
528	186
528	400
528	462
528	492
528	539
528	562
528	802
528	815
528	1340
528	1479
528	1765
528	2234
528	2954
528	4149
8720	136
8720	144
8720	642
8720	723
8720	2601
8720	2736
1049	76
1049	136
1049	144
1049	175
1049	186
1049	355
1049	642
1049	723
1049	802
1049	815
1049	1050
1049	1193
1049	1507
1049	1765
1049	1767
1049	2096
1050	133
1050	134
1050	136
1050	144
1050	175
1050	192
1050	265
1050	355
1050	425
1050	442
1050	462
1050	562
1050	723
1050	802
1050	1191
1050	1193
1050	1321
1050	1507
1050	1562
1050	1728
1050	1737
1050	1767
1050	1841
1050	2096
1050	2165
1050	2189
1050	2736
1050	3182
1050	4175
1050	4213
1050	4230
1050	4248
1050	4293
1050	4340
539	74
539	76
539	134
539	136
539	144
539	175
539	186
539	326
539	400
539	462
539	562
539	802
539	815
539	1507
539	4149
1562	74
1562	76
1562	133
1562	136
1562	144
1562	175
1562	192
1562	229
1562	425
1562	492
1562	642
1562	723
1562	1193
1562	1304
1562	1321
1562	1334
1562	1340
1562	1683
1562	1728
1562	1737
1562	1767
1562	1823
1562	1841
1562	1907
1562	2096
1562	2165
1562	2215
1562	2228
1562	2601
1562	2736
1562	2776
1562	2886
1562	2939
1562	2954
1562	3046
1562	3988
1562	4148
1562	4173
1562	4175
1562	4191
1562	4193
1562	4238
1562	4246
1562	4248
1562	4293
3101	144
3101	175
3101	225
3101	241
3101	255
3101	355
3101	424
3101	723
3101	1334
2601	133
2601	134
2601	140
2601	144
2601	166
2601	175
2601	192
2601	225
2601	229
2601	241
2601	255
2601	315
2601	355
2601	383
2601	417
2601	442
2601	492
2601	562
2601	642
2601	685
2601	1304
2601	1321
2601	1332
2601	1334
2601	1340
2601	1683
2601	1728
2601	1767
2601	1841
2601	2165
2601	2189
2601	2215
2601	2218
2601	2228
2601	2234
2601	2736
2601	2776
2601	2886
2601	2939
2601	2940
2601	3067
2601	3988
2601	4148
2601	4166
2601	4167
2601	4173
2601	4175
2601	4193
2601	4197
2601	4230
2601	7123
2601	13376
2096	133
2096	136
2096	144
2096	175
2096	225
2096	229
2096	241
2096	265
2096	425
2096	492
2096	685
2096	723
2096	802
2096	1191
2096	1193
2096	1304
2096	1321
2096	1332
2096	1334
2096	1767
2096	1841
2096	2165
2096	2736
2096	2776
2096	2886
2096	2939
2096	3046
2096	3067
2096	3182
2096	4152
2096	4197
2096	4213
2096	4230
2096	4248
2096	4293
2096	4340
2096	7123
2096	16338
562	74
562	76
562	133
562	134
562	136
562	140
562	144
562	166
562	175
562	186
562	192
562	229
562	255
562	315
562	400
562	417
562	442
562	462
562	642
562	685
562	723
562	802
562	815
562	865
562	1332
562	1334
562	1340
562	1507
562	1683
562	1728
562	1767
562	2165
562	2215
562	2234
562	2736
562	2939
562	3067
562	4149
562	4166
562	4167
562	4173
562	4197
4147	144
4147	175
4147	192
4147	255
4147	425
4147	723
4147	1304
4147	1321
4147	1340
4147	1907
4147	2228
4147	2939
4147	2940
4147	3004
4147	3046
4147	4148
4147	4152
4147	4191
4147	4213
4147	4340
4148	133
4148	144
4148	175
4148	229
4148	255
4148	425
4148	685
4148	1304
4148	1340
4148	1683
4148	1907
4148	2165
4148	2215
4148	2228
4148	2736
4148	2776
4148	2939
4148	3046
4148	4152
4148	4191
4148	4193
4148	4197
4148	4230
4149	136
4149	144
4149	175
4149	462
4149	802
4149	1340
54	56
54	74
54	76
54	123
54	133
54	134
54	136
54	140
54	144
54	151
54	166
56	74
56	76
56	133
56	136
56	140
56	144
56	151
56	166
56	175
56	180
56	192
56	200
56	293
56	326
56	455
56	462
56	686
56	802
56	1340
56	1507
56	1767
4152	144
4152	175
4152	229
4152	255
4152	425
4152	685
4152	686
4152	865
4152	1304
4152	1332
4152	1334
4152	1340
4152	1683
4152	2215
4152	2228
4152	2776
4152	2939
4152	3004
4152	3046
4152	3988
4152	4166
4152	4167
4152	4175
4152	4191
4152	4193
4152	4197
4152	4213
4152	4340
13376	133
13376	144
4166	133
4166	144
4166	175
4166	192
4166	229
4166	685
4166	865
4166	1304
4166	1332
4166	1334
4166	1340
4166	1683
4166	1767
4166	2165
4166	2215
4166	2218
4166	2228
4166	2234
4166	2736
4166	2776
4166	2886
4166	2939
4166	4167
4166	4173
4166	4175
4166	4191
4166	4193
4166	4197
4166	4238
4166	4246
4167	133
4167	144
4167	166
4167	175
4167	192
4167	229
4167	865
4167	1332
4167	1334
4167	1340
4167	1767
4167	2218
4167	2228
4167	2736
4167	2886
4167	2939
4167	4173
4167	4191
4167	4193
74	76
74	133
74	136
74	140
74	144
74	166
74	175
74	180
74	186
74	192
74	200
74	229
74	241
74	293
74	326
74	383
74	417
74	462
74	686
74	802
74	1507
74	1737
74	1765
74	2189
74	4175
74	4214
586	76
586	140
586	144
586	175
586	180
586	200
586	225
586	229
586	234
586	241
586	255
586	293
586	315
586	355
586	383
586	455
586	723
586	3988
76	133
76	134
76	136
76	140
76	144
76	166
76	175
76	180
76	186
76	192
76	200
76	225
76	229
76	234
76	241
76	255
76	265
76	326
76	355
76	383
76	400
76	417
76	425
76	442
76	455
76	462
76	492
76	642
76	685
76	686
76	723
76	802
76	815
76	1193
76	1334
76	1340
76	1479
76	1507
76	1683
76	1728
76	1737
76	1765
76	1767
4173	144
4173	175
4173	192
4173	229
4173	685
4173	1304
4173	1332
4173	1334
4173	1340
4173	1683
4173	1767
4173	2228
4173	2736
4173	2939
4173	4175
4173	4191
4175	133
4175	144
4175	175
4175	192
4175	229
4175	265
4175	1191
4175	1193
4175	1304
4175	1321
4175	1332
4175	1334
4175	1767
4175	1841
4175	2215
4175	2228
4175	2736
4175	2886
4175	2939
4175	4193
6744	144
4191	144
4191	166
4191	175
4191	192
4191	229
4191	425
4191	723
4191	865
4191	1304
4191	1334
4191	1340
4191	1767
4191	2165
4191	2215
4191	2218
4191	2228
4191	2776
4191	2886
4191	4193
4191	4197
4191	4246
4191	4248
4193	144
4193	175
4193	1304
4193	1321
4193	1334
4193	1728
4193	1767
4193	1823
4193	1841
4193	1907
4193	2215
4193	2218
4193	2228
4193	2736
4193	2776
4193	2886
4193	2939
4193	2954
4193	3046
4193	4197
4193	4230
4193	4238
4193	4248
4193	7123
4197	144
4197	175
4197	1304
4197	1334
4197	1340
4197	1728
4197	1767
4197	1823
4197	2215
4197	2218
4197	2228
4197	2736
4197	2776
4197	2939
4197	2954
4197	4230
4197	4248
4197	16338
8810	133
8810	144
8810	1304
8810	1907
8810	3046
3182	144
3182	175
3182	192
3182	225
3182	241
3182	425
3182	685
3182	723
3182	1304
3182	1321
3182	1334
3182	1907
3182	2165
3182	2736
3182	3046
3182	4213
3182	4340
2165	133
2165	134
2165	144
2165	175
2165	192
2165	200
2165	225
2165	229
2165	425
2165	642
2165	685
2165	723
2165	1304
2165	1321
2165	1334
2165	1340
2165	1683
2165	1767
2165	1907
2165	2215
2165	2228
2165	2736
2165	2939
2165	4213
2165	4230
2165	4246
2165	4248
4213	144
4213	175
4213	425
4213	723
4213	1191
4213	1304
4213	1321
4213	1334
4213	1907
4213	2736
4213	2776
4213	4293
4213	4340
4214	144
4214	175
4214	229
4214	1332
4214	1334
4214	1340
4215	144
4215	175
4215	255
4215	315
4215	2886
123	144
123	200
642	133
642	136
642	140
642	144
642	175
642	192
642	229
642	255
642	293
642	383
642	723
642	815
642	1321
642	1334
642	1728
642	1767
642	2215
642	2228
642	2736
642	2886
642	2939
642	3067
642	4248
642	4293
642	4329
642	16340
133	144
133	166
133	175
133	192
133	225
133	234
133	326
133	425
133	492
133	685
133	723
133	1304
133	1321
133	1340
133	1728
133	1737
133	1765
133	1767
133	1823
133	1841
133	1907
133	2218
133	2234
133	2736
133	2774
133	2886
133	2939
133	3046
133	3988
133	4248
133	4329
133	16334
134	136
134	144
134	175
134	186
134	192
134	229
134	241
134	265
134	355
134	400
134	417
134	442
134	462
134	686
134	802
134	815
134	1340
134	1507
134	1737
134	1765
134	2189
4230	144
4230	175
4230	1304
4230	1334
4230	2215
4230	2234
4230	2736
4230	2939
4230	2940
4230	2954
4230	7123
136	140
136	144
136	175
136	180
136	186
136	192
136	229
136	234
136	241
136	255
136	265
136	326
136	355
136	383
136	400
136	417
136	425
136	442
136	462
136	492
136	685
136	686
136	723
136	802
136	815
136	865
136	1332
136	1334
136	1340
136	1479
136	1507
136	1728
136	1765
136	1767
136	2189
136	2234
136	2954
136	4293
140	144
140	151
140	166
140	175
140	180
140	192
140	225
140	229
140	234
140	241
140	255
140	265
140	293
140	315
140	355
140	383
140	400
140	424
140	425
140	455
140	685
140	723
140	1767
140	2215
140	2218
140	2234
140	2900
140	3067
140	3988
2189	144
2189	175
2189	200
2189	417
2189	442
2189	686
2189	723
2189	802
2189	1334
2189	2736
4238	144
4238	166
4238	175
4238	723
4238	1304
4238	1334
4238	1340
4238	2215
4238	2218
4238	2776
4238	2939
4238	4246
4238	4798
144	151
144	166
144	175
144	180
144	186
144	192
144	200
144	225
144	229
144	234
144	241
144	255
144	265
144	293
144	315
144	326
144	355
144	383
144	400
144	417
144	424
144	425
144	442
144	455
144	462
144	492
144	685
144	686
144	723
144	802
144	815
144	865
144	1191
144	1193
144	1304
144	1321
144	1332
144	1334
144	1340
144	1479
144	1507
144	1683
144	1728
144	1737
144	1765
144	1767
144	1823
144	1841
144	1907
144	2215
144	2218
144	2228
144	2234
144	2736
144	2774
144	2776
144	2886
144	2900
144	2921
144	2939
144	2940
144	2954
144	2955
144	3004
144	3046
144	3067
144	3988
144	4243
144	4246
144	4248
144	4293
144	4329
144	4340
144	4538
144	4578
144	4798
144	7123
144	8514
144	16322
144	16323
144	16324
144	16325
144	16326
144	16327
144	16328
144	16329
144	16330
144	16331
144	16332
144	16333
144	16334
144	16335
144	16336
144	16337
144	16338
144	16339
144	16340
144	16341
144	16342
1683	166
1683	175
1683	192
1683	200
1683	225
1683	229
1683	685
1683	865
1683	1332
1683	1334
1683	1340
1683	1728
1683	1767
1683	2228
1683	2736
1683	2776
1683	2939
4243	166
4243	175
4243	802
4246	175
4246	192
4246	685
4246	723
4246	1304
4246	1332
4246	1340
4246	4248
4246	4798
151	723
151	1334
4248	175
4248	192
4248	723
4248	1191
4248	1507
4248	1767
4248	1823
4248	2218
4248	3067
166	175
166	186
166	192
166	200
166	225
166	229
166	234
166	255
166	383
166	685
166	686
166	802
166	1304
166	1321
166	1332
166	1334
166	1340
166	1767
166	2218
166	2234
166	2736
166	2886
166	2921
166	2939
166	2955
166	4798
1191	175
1191	192
1191	241
1191	265
1191	293
1191	686
1191	723
1191	802
1191	1193
1191	1304
1191	1737
1191	3067
2215	175
2215	192
2215	200
2215	225
2215	255
2215	293
2215	383
2215	492
2215	685
2215	723
2215	865
2215	1304
2215	1332
2215	1334
2215	1340
2215	1737
2215	1767
2215	1907
2215	2234
2215	2736
2215	2776
2215	2939
2215	2954
2215	3004
2215	3046
2215	7123
1193	175
1193	265
1193	723
1193	802
1193	2736
1193	2886
1193	2939
1193	4293
1193	4340
2218	175
2218	192
2218	200
2218	255
2218	383
2218	1304
2218	1334
2218	2228
2218	2736
2218	2886
685	175
685	192
685	200
685	225
685	229
685	234
685	255
685	265
685	315
685	383
685	425
685	492
685	686
685	723
685	802
685	865
685	1304
685	1321
685	1332
685	1334
685	1340
685	1767
685	2228
685	2736
685	2776
685	2886
685	2921
685	2939
685	3046
685	4798
686	175
686	186
686	200
686	265
686	326
686	462
686	802
686	1334
686	1507
686	1728
686	1737
686	1765
686	2921
175	180
175	186
175	192
175	200
175	225
175	229
175	234
175	241
175	255
175	265
175	293
175	315
175	326
175	355
175	383
175	400
175	417
175	424
175	425
175	455
175	462
175	492
175	723
175	802
175	815
175	865
175	1304
175	1321
175	1332
175	1334
175	1340
175	1479
175	1507
175	1728
175	1737
175	1765
175	1767
175	1823
175	1841
175	1907
175	2228
175	2234
175	2736
175	2774
175	2776
175	2886
175	2939
175	2940
175	2954
175	2955
175	3004
175	3046
175	3988
2736	192
2736	225
2736	229
2736	255
2736	315
2736	383
2736	425
2736	492
2736	802
2736	1304
2736	1321
2736	1332
2736	1334
2736	1340
2736	1728
2736	1767
2736	1841
2736	1907
2736	2228
2736	2234
2736	2886
2736	2939
2736	2940
2736	2954
2736	2955
2736	3046
2736	3067
2736	4293
2736	4340
2736	7123
2736	16338
180	225
180	241
180	255
180	293
180	315
180	355
180	383
180	3988
2228	200
2228	255
2228	293
2228	315
2228	383
2228	1304
2228	1321
2228	1332
2228	1334
2228	1340
2228	1728
2228	1767
2228	1841
2228	2886
2228	2939
2228	2940
2228	2955
186	229
186	234
186	265
186	400
186	455
186	462
186	492
186	802
186	815
186	865
186	1507
186	3004
2234	200
2234	229
2234	255
2234	1304
2234	1334
2234	1340
2234	1728
2234	2939
4798	1304
4798	2921
192	225
192	229
192	234
192	241
192	255
192	265
192	293
192	315
192	326
192	383
192	417
192	424
192	425
192	442
192	455
192	723
192	1304
192	1321
192	1332
192	1334
192	1340
192	1728
192	1767
192	1823
192	1841
192	1907
192	2774
192	2886
192	3004
192	3046
192	3988
192	4329
192	4340
1728	229
1728	326
1728	492
1728	723
1728	802
1728	865
1728	1304
1728	1321
1728	1334
1728	1340
1728	1737
1728	1767
1728	1823
1728	1841
1728	2886
1728	2939
1728	2940
1728	2954
1728	2955
1728	3004
1728	4293
4293	723
4293	1304
4293	1321
4293	1334
4293	1737
4293	1767
4293	1841
4293	2886
4293	2939
4293	4340
200	225
200	229
200	241
200	255
200	383
1737	326
1737	492
1737	723
1737	802
1737	1304
1737	1321
1737	1507
1737	1841
1737	2940
1737	2954
1737	2955
1737	3004
1737	3988
1737	7123
723	225
723	234
723	241
723	255
723	265
723	293
723	326
723	383
723	425
723	442
723	802
723	1304
723	1321
723	1332
723	1767
723	1841
723	1907
723	2774
723	4340
2774	492
2774	1907
2776	229
2776	255
2776	315
2776	383
2776	425
2776	1304
2776	1334
2776	1340
2776	2939
2776	7123
225	229
225	234
225	241
225	255
225	315
225	355
225	383
225	424
225	425
225	492
225	1334
225	1340
225	1907
225	2939
225	2940
225	3046
229	241
229	255
229	383
229	417
229	425
229	442
229	865
229	1304
229	1332
229	1334
229	1340
229	1767
229	2939
229	2954
229	3046
1765	442
1765	802
1765	815
1765	2886
1767	255
1767	383
1767	802
1767	865
1767	1304
1767	1321
1767	1332
1767	1334
1767	1340
1767	1841
1767	2886
1767	2939
1767	3067
234	241
234	255
234	355
234	383
234	400
234	424
234	425
234	455
234	462
234	865
234	1304
234	1321
234	1332
234	1334
234	1340
241	255
241	265
241	293
241	315
241	355
241	383
241	400
241	424
241	425
241	462
241	1334
241	1340
241	2939
4340	425
4340	1304
4340	1334
4340	1907
255	293
255	315
255	355
255	383
255	424
255	425
255	802
255	1304
255	1332
255	1334
255	1340
255	2886
255	2939
255	2940
255	3067
255	3988
265	293
265	355
265	442
265	462
265	4538
1304	425
1304	492
1304	865
1304	1321
1304	1332
1304	1334
1304	1340
1304	1841
1304	1907
1304	2886
1304	2939
1304	2940
1304	2954
1304	2955
1304	3004
1304	3046
1304	3988
1304	7123
1823	326
1823	1321
1823	1841
802	326
802	355
802	400
802	417
802	442
802	455
802	462
802	492
802	865
802	1334
802	1340
802	1507
802	2939
802	2940
802	2954
802	2955
293	315
293	355
293	383
293	425
293	1334
293	2886
293	3988
1321	326
1321	425
1321	492
1321	1334
1321	1841
1321	1907
1321	2886
1321	2939
1321	2954
1321	3046
1321	3988
1321	7123
815	400
815	462
815	1479
1841	326
1841	425
1841	492
1841	1334
1841	2886
1841	2939
1841	3046
1841	3988
1332	425
1332	865
1332	1334
1332	1340
1332	2886
1332	2939
1334	315
1334	383
1334	865
1334	1340
1334	2886
1334	2939
1334	2940
1334	2954
1334	2955
1334	7123
1334	16340
315	355
315	383
315	2886
315	2939
315	3988
1340	400
1340	462
1340	492
1340	865
1340	2886
1340	2939
1340	2940
326	492
2886	383
865	425
865	462
355	383
355	424
355	1507
355	3988
1907	425
1907	492
1907	2939
1907	2940
1907	3004
1907	3046
1907	7123
2939	2940
2939	2955
2939	3046
2940	492
2940	1507
2940	2955
2940	3004
2940	3046
383	424
383	425
383	3067
383	3988
2954	2955
2954	7123
2955	492
2955	1507
2955	3004
400	462
400	1479
3988	417
3988	492
417	442
424	425
425	462
425	492
425	3046
3004	492
3004	3046
462	1507
7123	492
7123	3046
16341	16342
3046	492
----- Node: 15313 Degree: 1
15313	566
----- Node: 25174 Degree: 4
2753	647
2753	25174
2753	25914
2753	25915
647	25174
25174	25914
25174	25915
25914	25915
----- Node: 36398 Degree: 1
36397	36398
----- Node: 18792 Degree: 4
128	3330
128	18778
128	18792
128	18793
3330	18778
3330	18792
3330	18793
18792	18778
18792	18793
18793	18778
----- Node: 27656 Degree: 3
27656	1490
27656	12150
27656	27657
27657	1490
27657	12150
1490	12150
----- Node: 8460 Degree: 2
652	2642
652	8460
2642	8460
----- Node: 29265 Degree: 3
29264	24186
29264	29265
29264	29266
29265	24186
29265	29266
24186	29266
----- Node: 5796 Degree: 11
416	292
416	336
416	354
416	3100
416	5796
416	5797
354	292
354	336
354	5796
354	5797
5796	292
5796	336
5796	823
5796	1050
5796	3100
5796	4063
5796	5797
5796	7515
5796	17813
292	336
292	5797
5797	336
336	823
336	1050
336	7515
17813	823
823	1050
823	3100
823	4063
823	7515
1050	3100
1050	4063
7515	3100
3100	4063
----- Node: 6638 Degree: 1
106	6638
----- Node: 13952 Degree: 2
13952	2047
13952	2773
----- Node: 18777 Degree: 4
2383	18773
2383	18774
2383	18776
2383	18777
18773	18774
18773	18776
18773	18777
18774	18777
18776	18777
----- Node: 24502 Degree: 1
353	24502
----- Node: 22215 Degree: 5
1824	2430
1824	4898
1824	22215
1824	22216
1824	22279
4898	2430
4898	22215
4898	22216
22215	2430
22215	22216
22215	22279
22216	2430
22216	22279
----- Node: 13037 Degree: 2
20764	13037
13037	478
----- Node: 13733 Degree: 4
1152	1507
1152	4066
1152	13733
4066	1507
4066	13733
1507	13733
1507	13740
13733	13740
----- Node: 14977 Degree: 11
14976	543
14976	2718
14976	14975
14976	14977
14976	14978
14976	15198
14976	24860
14977	543
14977	903
14977	1637
14977	2718
14977	8495
14977	12339
14977	14975
14977	14978
14977	15198
14977	24860
14978	543
14978	2718
14978	14975
14978	15198
14978	24860
1637	903
1637	8495
1637	12339
903	8495
903	12339
8495	12339
14975	543
14975	2718
14975	15198
14975	24860
15198	24860
2718	543
----- Node: 18596 Degree: 1
18596	2741
----- Node: 2349 Degree: 2
114	1783
114	2349
2349	1783
----- Node: 9955 Degree: 1
9955	1053
----- Node: 4440 Degree: 51
2690	213
2690	443
2690	1578
2690	1824
2690	2947
2690	3354
2690	3604
2690	4424
2690	4440
2690	4739
2690	4758
2690	5202
2690	5217
2690	5237
2690	5276
2690	5382
2690	5384
2690	5418
2690	7001
2690	7321
2690	8006
2690	8391
2690	10186
2690	10833
2690	11669
2690	20625
2690	20626
2690	21397
2690	22015
2690	22177
2947	213
2947	443
2947	1824
2947	3354
2947	3604
2947	4424
2947	4440
2947	5217
2947	5220
2947	5237
2947	5276
2947	5382
2947	5384
2947	7028
2947	7321
2947	8391
2947	10186
2947	10833
2947	13202
2947	15433
2947	20620
2947	20623
2947	20624
2947	21397
2947	22177
4739	443
4739	1824
4739	3354
4739	4424
4739	4440
4739	4758
4739	5202
4739	6966
4739	7001
4739	7028
4739	7076
4739	19249
4739	20623
4739	20625
4739	20626
4739	22238
4739	22566
5382	213
5382	1578
5382	1824
5382	3354
5382	3604
5382	4440
5382	5217
5382	5237
5382	5384
5382	5418
5382	6930
5382	7321
5382	10833
5382	11669
5382	13202
5382	19249
5382	20625
5382	20626
5382	21397
5384	213
5384	443
5384	1578
5384	1824
5384	3354
5384	4424
5384	4440
5384	5217
5384	5220
5384	5237
5384	6930
5384	7321
5384	10186
5384	11669
5384	13202
5384	20625
5384	20626
5384	21397
5384	22015
20620	443
20620	1824
20620	3354
20620	3604
20620	4440
20620	4758
20620	7028
20620	7076
20620	13202
20620	15395
20623	443
20623	1824
20623	3354
20623	4424
20623	4440
20623	5220
20623	10833
20623	19249
20623	22566
20624	1824
20624	4424
20624	4440
20624	5217
20624	5237
20624	10186
20624	21397
20625	443
20625	1578
20625	1824
20625	3354
20625	4424
20625	4440
20625	4758
20625	5237
20625	6930
20625	6966
20625	7028
20625	7076
20625	7321
20625	11669
20625	19249
20625	21397
20625	22566
6930	443
6930	1824
6930	3354
6930	4440
6930	5217
6930	5237
6930	7076
6930	7321
6930	21397
13202	443
13202	1824
13202	3604
13202	4440
13202	5217
13202	5237
13202	7321
13202	10186
13202	11669
13202	21397
3604	213
3604	443
3604	1824
3604	4424
3604	4440
3604	5217
3604	5220
3604	5237
3604	5276
3604	10186
3604	15433
3604	21397
3604	22177
11669	1578
11669	1824
11669	3354
11669	4424
11669	4440
11669	5237
11669	5418
11669	7001
11669	10186
11669	19249
11669	21397
11669	22238
4758	443
4758	3354
4758	4424
4758	4440
4758	7028
4758	10833
4758	19249
4758	22566
20626	3354
20626	4424
20626	4440
20626	7028
20626	10186
20626	22177
21397	443
21397	1824
21397	4440
21397	5217
21397	5237
21397	7321
21397	10186
21397	17275
21397	19249
7321	309
7321	443
7321	1578
7321	1824
7321	3354
7321	4440
7321	5217
7321	5237
7321	10186
3354	213
3354	443
3354	1578
3354	1824
3354	4424
3354	4440
3354	5202
3354	5237
3354	5418
3354	6966
3354	7001
3354	7028
3354	7076
3354	10186
3354	10833
3354	15433
3354	19249
3354	22177
3354	22238
3354	22566
3354	23985
922	4440
922	7512
922	10833
922	22238
922	23985
5276	213
5276	443
5276	1824
5276	4424
5276	4440
5276	5237
5276	7028
5276	8006
5276	8391
5276	10833
1824	213
1824	443
1824	1578
1824	4424
1824	4440
1824	5202
1824	5217
1824	5220
1824	5237
1824	5418
1824	8006
1824	8391
1824	10186
1824	10833
1824	15395
1824	22015
1824	22238
22177	4440
15395	443
15395	4440
7076	443
7076	4440
7076	5202
7076	6966
7076	7028
7076	22238
7076	22566
22566	443
22566	4440
22566	7028
22566	22238
1578	4424
1578	4440
1578	10186
1578	22015
5418	213
5418	4424
5418	4440
5418	10186
5418	22238
19249	443
19249	4440
19249	5237
19249	7001
23985	4440
23985	22238
309	4440
309	5217
309	15433
309	17275
309	23662
6966	443
6966	4440
6966	7028
6966	15433
443	213
443	4424
443	4440
443	5202
443	5217
443	5220
443	5237
443	7028
443	8391
443	10186
443	10833
443	15433
8006	4424
8006	4440
8006	8391
8006	10833
8391	4424
8391	4440
8391	5237
4424	79
4424	213
4424	4440
4424	5202
4424	5217
4424	5220
4424	5237
4424	7028
4424	10186
4424	10833
15433	4440
15433	5217
15433	17275
15433	23662
10186	4440
10186	5217
10186	5237
79	4440
10833	4440
10833	5220
10833	22238
5202	213
5202	4440
5202	7001
213	4440
213	5217
213	5220
213	5237
4440	5217
4440	5220
4440	5237
4440	7001
4440	7028
4440	7512
4440	17275
4440	22015
4440	22238
4440	23662
22238	7028
5217	5220
5217	5237
5220	5237
23662	17275
----- Node: 5773 Degree: 1
416	5773
----- Node: 11017 Degree: 1
11017	802
----- Node: 17525 Degree: 8
4070	273
4070	17525
1030	273
1030	17525
5255	6831
5255	17525
4746	6893
4746	17525
4746	20305
6893	17525
6893	20305
6831	17525
273	17525
20305	17525
----- Node: 12688 Degree: 3
12688	95
12688	458
12688	7954
458	95
458	7954
7954	95
----- Node: 26586 Degree: 2
3352	26585
3352	26586
26585	26586
----- Node: 1322 Degree: 14
229	166
229	175
229	200
229	1322
229	1323
229	1340
229	2158
229	2773
166	114
166	175
166	200
166	234
166	1321
166	1322
166	1323
166	1340
166	2158
166	2773
326	114
326	115
326	175
326	1321
326	1322
326	1841
200	114
200	175
200	1322
200	2158
1321	114
1321	115
1321	175
1321	234
1321	1322
1321	1323
1321	1841
1321	2773
1322	114
1322	115
1322	175
1322	234
1322	1323
1322	1340
1322	1841
1322	2158
1322	2773
234	175
234	1323
234	1340
1323	175
1323	1340
1323	2773
2158	1340
175	114
175	1340
175	1841
175	2773
1841	115
1841	2773
114	115
2773	1340
----- Node: 4909 Degree: 5
360	4182
360	4335
360	4908
360	4909
360	4910
4908	4182
4908	4335
4908	4909
4908	4910
4909	4182
4909	4335
4909	4910
4910	4182
4910	4335
4335	4182
----- Node: 7245 Degree: 8
195	343
195	458
195	700
195	1297
195	6250
195	7245
195	7483
1443	343
1443	458
1443	700
1443	1297
1443	6250
1443	7245
1443	7483
458	343
458	700
458	1297
458	6250
458	7245
458	7483
6250	700
6250	1297
6250	7245
6250	7483
7245	343
7245	700
7245	1297
7245	7483
1297	700
1297	7483
343	700
7483	700
----- Node: 33449 Degree: 1
33449	9754
----- Node: 34895 Degree: 5
34912	14893
34912	34895
34912	34911
34892	14893
34892	34893
34892	34895
34893	14893
34893	34895
14893	34895
14893	34911
34895	34911
----- Node: 33830 Degree: 1
33830	33806
----- Node: 31227 Degree: 1
31226	31227
----- Node: 26282 Degree: 1
26280	26282
----- Node: 20430 Degree: 3
19876	20429
19876	20430
19876	20431
20429	20430
20429	20431
20430	20431
----- Node: 22744 Degree: 6
613	22743
613	22744
613	22745
613	22746
613	22747
613	22748
22743	22744
22743	22745
22743	22746
22743	22747
22743	22748
22744	22745
22744	22746
22744	22747
22744	22748
22745	22746
22745	22747
22745	22748
22746	22747
22746	22748
22747	22748
----- Node: 15493 Degree: 7
15493	508
15493	510
15493	523
15493	526
15493	566
15493	588
15493	4093
523	508
523	526
523	566
523	588
588	508
588	510
588	526
588	566
526	508
526	510
526	566
566	508
566	510
508	510
----- Node: 15606 Degree: 1
566	15606
----- Node: 21254 Degree: 6
3649	1725
3649	21254
3649	21255
3649	21256
21254	1725
21254	9327
21254	10409
21254	21255
21254	21256
21255	1725
21255	9327
21255	10409
21255	21256
21256	1725
10409	1725
10409	9327
9327	1725
----- Node: 4095 Degree: 5
2052	239
2052	939
2052	4094
2052	4095
2052	7386
939	239
939	4094
939	4095
939	7386
239	4094
239	4095
7386	4094
7386	4095
4094	4095
----- Node: 20922 Degree: 5
5415	17100
5415	20922
5415	20923
5415	20926
5415	20927
17100	20922
17100	20923
17100	20926
17100	20927
20922	20923
20922	20926
20922	20927
20923	20926
20923	20927
20926	20927
----- Node: 35533 Degree: 8
35530	6413
35530	17470
35530	35531
35530	35532
35530	35533
35530	35534
35531	6413
35531	17470
35531	35532
35531	35533
35531	35534
35532	6413
35532	17470
35532	35533
35532	35534
6413	17470
6413	24661
6413	35533
6413	35534
6413	35535
35533	17470
35533	24661
35533	35534
35533	35535
35534	17470
35534	24661
35534	35535
35535	17470
35535	24661
24661	17470
----- Node: 2902 Degree: 1
82	2902
----- Node: 24000 Degree: 1
24000	707
----- Node: 9339 Degree: 25
651	659
651	884
651	2111
651	2760
651	2916
651	3016
651	3054
651	7183
651	9339
7183	884
7183	2718
7183	2720
7183	3016
7183	3054
7183	9339
7183	9766
659	884
659	1436
659	1663
659	2111
659	2720
659	2728
659	2916
659	3016
659	4307
659	9339
659	9766
659	9825
659	9888
659	13685
14870	1663
14870	2111
14870	3028
14870	3054
14870	4307
14870	9339
14870	15142
14870	15143
14870	15144
1436	884
1436	2111
1436	2720
1436	2728
1436	2916
1436	4307
1436	9339
1436	13685
2718	884
2718	2111
2718	2916
2718	3016
2718	9339
2718	9825
2718	13685
2720	884
2720	2111
2720	2728
2720	2916
2720	3016
2720	3054
2720	4307
2720	9339
2720	9825
2720	9888
2720	13685
2720	15144
9888	884
9888	2111
9888	2728
9888	2760
9888	3016
9888	3028
9888	4307
9888	9339
9766	884
9766	1663
9766	2111
9766	4307
9766	9339
15142	1663
15142	4307
15142	9339
15142	15143
15142	15144
2728	884
2728	2111
2728	9339
2728	9825
2728	13685
2728	15144
15143	1663
15143	4307
15143	9339
15143	15144
15144	1663
15144	2111
15144	4307
15144	9339
3006	1663
3006	2916
3006	3028
3006	9339
3006	9825
2111	884
2111	1663
2111	2760
2111	2916
2111	3016
2111	3028
2111	3054
2111	4307
2111	9339
2111	9825
2111	13685
2760	3016
2760	3028
2760	3054
2760	9339
3016	884
3016	2916
3016	3028
3016	3054
3016	4307
3016	9339
4307	884
4307	1663
4307	2916
4307	3028
4307	3054
4307	9339
3028	884
3028	1663
3028	2916
3028	3054
3028	9339
9825	884
9825	1663
9825	2916
9825	9339
2916	884
2916	1663
2916	9339
3054	884
3054	9339
884	1663
884	9339
13685	9339
9339	1663
----- Node: 28565 Degree: 1
28565	2015
----- Node: 27412 Degree: 3
27411	26699
27411	27412
27411	27413
26699	27412
26699	27413
27412	27413
----- Node: 9213 Degree: 1
516	9213
----- Node: 800 Degree: 29
136	72
136	76
136	146
136	188
136	400
136	448
136	473
136	487
136	499
136	520
136	539
136	563
136	783
136	800
136	802
136	804
136	817
136	884
520	72
520	76
520	146
520	188
520	400
520	448
520	473
520	487
520	499
520	539
520	563
520	800
520	802
520	884
520	1761
4237	487
4237	800
4237	817
783	76
783	188
783	400
783	473
783	800
783	802
783	884
400	76
400	146
400	188
400	448
400	473
400	499
400	539
400	800
400	802
400	804
400	884
146	76
146	188
146	448
146	499
146	539
146	563
146	800
146	802
146	804
146	884
146	1564
539	72
539	76
539	188
539	448
539	473
539	487
539	499
539	563
539	800
539	802
539	817
539	884
539	1761
1564	76
1564	800
1564	802
1564	804
1564	884
800	72
800	76
800	188
800	448
800	473
800	487
800	499
800	563
800	801
800	802
800	804
800	817
800	884
800	1761
800	4840
800	24628
800	24629
800	24630
800	24631
800	24632
800	24633
801	188
801	499
802	72
802	76
802	188
802	448
802	473
802	499
802	804
802	884
804	76
804	188
804	499
804	884
817	76
817	188
817	473
817	487
563	72
563	76
563	188
563	448
563	499
563	1761
24628	4840
24628	24629
24628	24630
24628	24631
24628	24632
24628	24633
24629	24630
24629	24631
24629	24633
24631	24633
24632	4840
188	72
188	76
188	448
188	473
188	487
188	499
448	72
448	76
448	473
448	487
448	499
72	76
72	499
72	1761
76	473
76	487
76	499
76	884
76	1761
473	487
473	884
487	499
----- Node: 7820 Degree: 5
26497	2666
26497	2667
26497	3947
26497	7820
292	7820
2666	2667
2666	3947
2666	7820
3947	2667
3947	7820
2667	7820
----- Node: 15364 Degree: 3
15364	566
15364	15365
15364	15366
15365	566
15365	15366
566	15366
----- Node: 23064 Degree: 9
4739	3161
4739	4756
4739	5202
4739	5203
4739	6906
4739	23064
5202	3161
5202	4756
5202	5203
5202	6906
5202	23064
5203	3161
5203	4756
5203	5333
5203	5336
5203	22227
5203	23064
4756	3161
4756	5333
4756	5336
4756	6906
4756	22227
4756	23064
5333	3161
5333	5336
5333	6906
5333	22227
5333	23064
22227	3161
22227	5336
22227	23064
23064	3161
23064	5336
23064	6906
3161	5336
3161	6906
6906	5336
----- Node: 21340 Degree: 2
19836	5029
19836	21340
21340	5029
----- Node: 31180 Degree: 1
31180	31181
----- Node: 31740 Degree: 1
31740	5038
----- Node: 4531 Degree: 82
7170	232
7170	343
7170	368
7170	458
7170	518
7170	620
7170	1697
7170	4531
7170	4885
7170	7171
7170	7502
7170	8495
7170	9164
7171	232
7171	343
7171	368
7171	458
7171	499
7171	516
7171	620
7171	813
7171	815
7171	1430
7171	1528
7171	2256
7171	2524
7171	3933
7171	4489
7171	4531
7171	4549
7171	5499
7171	5800
7171	7401
7171	14580
516	72
516	155
516	205
516	232
516	292
516	368
516	404
516	416
516	444
516	452
516	458
516	481
516	499
516	500
516	502
516	518
516	595
516	596
516	620
516	656
516	664
516	672
516	684
516	719
516	786
516	813
516	815
516	1430
516	1524
516	1528
516	1697
516	1763
516	2253
516	2256
516	2577
516	2947
516	3145
516	3200
516	3933
516	4488
516	4489
516	4497
516	4531
516	4549
516	4616
516	4900
516	5499
516	5800
516	7401
516	8495
516	9195
516	9239
516	9254
516	9274
516	9276
516	9295
516	9296
518	205
518	232
518	343
518	368
518	404
518	452
518	458
518	595
518	1697
518	4497
518	4531
4616	72
4616	368
4616	416
4616	452
4616	664
4616	672
4616	786
4616	1528
4616	2577
4616	4531
4616	9254
2577	72
2577	155
2577	292
2577	314
2577	416
2577	452
2577	500
2577	1524
2577	2947
2577	4488
2577	4489
2577	4531
2577	4740
2577	5785
2577	5786
2577	5800
2577	14579
9239	232
9239	444
9239	1528
9239	1763
9239	2253
9239	2256
9239	4531
9239	4549
9254	452
9254	672
9254	1528
9254	4531
9274	232
9274	343
9274	458
9274	939
9274	2256
9274	4531
9274	4549
9274	4900
572	155
572	416
572	458
572	481
572	499
572	664
572	813
572	1387
572	1481
572	4531
9276	1528
9276	2253
9276	4531
9276	9295
72	314
72	416
72	452
72	499
72	664
72	672
72	815
72	1430
72	1481
72	1528
72	1763
72	2654
72	4531
72	4740
72	5800
3145	232
3145	1430
3145	1528
3145	3933
3145	4531
9295	684
9295	1524
9295	1528
9295	4531
9295	9296
9296	684
9296	1524
9296	1528
9296	4531
595	205
595	232
595	292
595	368
595	404
595	416
595	444
595	452
595	458
595	481
595	499
595	500
595	620
595	684
595	786
595	815
595	1524
595	1528
595	1697
595	4497
595	4531
595	4885
595	4900
596	444
596	481
596	499
596	684
596	1139
596	1387
596	4223
596	4531
596	5726
2654	232
2654	292
2654	314
2654	343
2654	416
2654	458
2654	1430
2654	1763
2654	3200
2654	4531
2654	4549
2654	4740
2654	7674
2654	11117
5726	232
5726	416
5726	481
5726	1139
5726	4223
5726	4531
620	205
620	232
620	292
620	314
620	368
620	404
620	452
620	458
620	502
620	664
620	719
620	786
620	1430
620	1528
620	1697
620	4497
620	4531
620	4549
620	4900
1139	444
1139	481
1139	684
1139	815
1139	939
1139	2253
1139	4223
1139	4531
1139	5499
4223	155
4223	481
4223	815
4223	4531
3200	232
3200	292
3200	314
3200	416
3200	458
3200	2947
3200	4531
4740	292
4740	314
4740	416
4740	1430
4740	4488
4740	4489
4740	4531
4740	5800
4740	7674
656	232
656	404
656	452
656	499
656	1697
656	4531
656	9164
664	232
664	292
664	314
664	368
664	404
664	416
664	444
664	452
664	499
664	672
664	684
664	815
664	1387
664	1481
664	1528
664	1697
664	2947
664	4531
5785	416
5785	4489
5785	4531
5785	5786
5785	5800
5785	14579
5786	416
5786	4489
5786	4531
5786	5800
5786	14579
155	205
155	232
155	343
155	368
155	404
155	452
155	458
155	502
155	672
155	1524
155	1528
155	4531
672	205
672	232
672	292
672	314
672	404
672	416
672	444
672	452
672	458
672	719
672	822
672	1528
672	2947
672	4531
1697	205
1697	232
1697	368
1697	404
1697	499
1697	500
1697	1528
1697	4497
1697	4531
1697	4549
1697	4885
1697	7502
1697	8495
1697	9164
5800	416
5800	481
5800	4488
5800	4489
5800	4531
5800	14579
684	232
684	404
684	444
684	458
684	481
684	499
684	815
684	1524
684	1528
684	4531
205	232
205	343
205	368
205	404
205	416
205	458
205	500
205	502
205	1528
205	4497
205	4531
2253	1524
2253	2256
2253	3933
2253	4531
2253	4549
2253	7401
2253	14580
719	232
719	292
719	314
719	368
719	404
719	416
719	444
719	452
719	458
719	786
719	1430
719	1524
719	1528
719	4497
719	4531
719	4549
2256	232
2256	444
2256	1524
2256	1763
2256	3933
2256	4531
2256	4549
2256	7401
1763	232
1763	292
1763	314
1763	416
1763	458
1763	1430
1763	4531
1763	4549
1763	7674
1763	11117
232	292
232	343
232	368
232	404
232	416
232	444
232	452
232	458
232	481
232	499
232	500
232	502
232	813
232	1524
232	2524
232	3933
232	4488
232	4497
232	4531
232	4549
232	4900
232	7401
232	9195
7401	1524
7401	4531
7401	4549
7401	4885
7401	12039
7401	14580
14579	4489
14579	4531
14580	1430
14580	3933
14580	4531
14580	4549
12039	1524
12039	4531
786	404
786	1528
786	4497
786	4531
786	4900
4885	4531
4885	4549
4885	7502
4885	8495
4885	9164
292	314
292	404
292	416
292	444
292	452
292	458
292	481
292	499
292	1430
292	1524
292	4488
292	4489
292	4531
292	7674
4900	1528
4900	4531
813	500
813	815
813	1528
813	4488
813	4531
813	5499
815	416
815	452
815	499
815	822
815	1387
815	1481
815	1528
815	4497
815	4531
815	5499
8495	481
8495	1528
8495	4531
8495	7502
8495	9164
822	404
822	452
822	458
822	1430
822	2947
822	4531
822	7674
314	416
314	444
314	452
314	458
314	1430
314	4531
314	4549
314	7674
314	11117
7502	4531
7502	9164
343	368
343	444
343	452
343	458
343	502
343	4531
3933	416
3933	1528
3933	2524
3933	4531
3933	4549
1387	416
1387	444
1387	452
1387	481
1387	1481
1387	4531
11117	1430
11117	4531
11117	4549
11117	7674
368	404
368	452
368	458
368	502
368	1528
368	4531
368	4549
5499	1528
5499	4531
2947	444
2947	452
2947	458
2947	499
2947	1430
2947	4531
4488	416
4488	1430
4488	1524
4488	4489
4488	4497
4488	4531
4489	416
4489	1430
4489	1524
4489	4531
4497	404
4497	452
4497	458
4497	1528
4497	4531
4497	4549
404	416
404	444
404	458
404	502
404	1481
404	1528
404	4531
404	4549
1430	416
1430	458
1430	4531
1430	4549
1430	7674
416	444
416	452
416	458
416	499
416	1481
416	1524
416	1528
416	4531
939	4531
4531	444
4531	452
4531	458
4531	481
4531	499
4531	500
4531	502
4531	1481
4531	1524
4531	1528
4531	2524
4531	4549
4531	7674
4531	9164
4531	9195
444	452
444	458
444	481
444	499
444	500
444	4549
452	481
452	499
452	502
452	1528
4549	1524
4549	7674
1481	499
458	481
458	499
458	500
458	502
458	1528
2524	499
481	499
481	500
499	1528
500	1528
1524	1528
502	1528
----- Node: 29215 Degree: 1
922	29215
----- Node: 18554 Degree: 4
1028	1046
1028	12169
1028	18356
1028	18554
12169	1046
12169	18356
12169	18554
18356	1046
18356	18554
1046	18554
----- Node: 34747 Degree: 1
34747	34748
----- Node: 34403 Degree: 4
34401	34403
34401	34404
34401	34405
34403	34404
34403	34405
34403	34458
34404	34405
34404	34458
34405	34458
----- Node: 3976 Degree: 2
3976	140
3976	438
140	438
----- Node: 6768 Degree: 7
1668	301
1668	1139
1668	6715
1668	6768
136	301
136	591
136	1139
136	1387
136	6715
136	6768
1387	591
1387	6768
301	1139
301	6715
301	6768
591	6768
6768	1139
6768	6715
1139	6715
----- Node: 19151 Degree: 2
915	19151
915	19157
19157	19151
----- Node: 12586 Degree: 3
458	478
458	1038
458	12586
12586	478
12586	1038
478	1038
----- Node: 32666 Degree: 1
32666	5038
----- Node: 15720 Degree: 2
15720	95
15720	5900
5900	95
----- Node: 9 Degree: 39
1	9
1	56
3844	9
3844	273
3844	416
3844	1672
390	9
3334	9
3334	416
3334	1330
3334	2630
1672	9
1672	184
1672	273
1672	416
1672	823
9	56
9	81
9	82
9	184
9	273
9	316
9	416
9	823
9	1053
9	1139
9	1330
9	1725
9	1768
9	2348
9	2630
9	5020
9	5024
9	5033
9	5036
9	5050
9	5069
9	5587
9	8032
9	8556
9	8565
9	8566
9	9129
9	9130
9	9131
9	9132
9	9133
9	9134
9	9135
9	9136
273	184
273	823
273	1139
416	184
416	316
416	1330
416	1768
416	2630
1330	2630
823	1139
56	81
56	82
56	1139
184	316
81	82
81	1139
----- Node: 1297 Degree: 157
1026	195
1026	234
1026	243
1026	458
1026	612
1026	639
1026	734
1026	815
1026	851
1026	934
1026	1297
1026	1935
1026	3237
1026	4535
1026	7130
1026	7310
2563	520
2563	927
2563	1297
2563	1424
2563	2576
2563	4072
2563	6495
516	72
516	76
516	95
516	136
516	155
516	171
516	184
516	186
516	195
516	213
516	300
516	400
516	401
516	404
516	416
516	448
516	458
516	471
516	478
516	480
516	488
516	490
516	499
516	504
516	520
516	521
516	528
516	539
516	554
516	566
516	575
516	576
516	588
516	624
516	639
516	664
516	672
516	681
516	688
516	700
516	815
516	851
516	889
516	1297
516	1395
516	1422
516	1438
516	1476
516	1508
516	1528
516	1835
516	2943
516	2975
516	3237
516	3896
516	4056
516	4535
516	4616
516	5167
516	9226
516	9298
2564	136
2564	195
2564	213
2564	404
2564	448
2564	458
2564	473
2564	478
2564	480
2564	504
2564	520
2564	539
2564	554
2564	577
2564	588
2564	612
2564	664
2564	686
2564	818
2564	934
2564	1297
2564	1443
2564	1508
2564	4535
2564	5167
2564	10673
2564	10674
2564	20979
520	72
520	74
520	76
520	95
520	116
520	118
520	136
520	155
520	171
520	175
520	184
520	186
520	195
520	213
520	234
520	243
520	300
520	346
520	355
520	400
520	401
520	404
520	416
520	448
520	458
520	462
520	471
520	473
520	478
520	480
520	488
520	499
520	504
520	521
520	528
520	529
520	530
520	539
520	554
520	563
520	566
520	575
520	576
520	577
520	588
520	624
520	639
520	645
520	652
520	664
520	672
520	686
520	688
520	700
520	802
520	815
520	818
520	851
520	889
520	1297
520	1371
520	1395
520	1396
520	1438
520	1443
520	1476
520	1481
520	1508
520	1528
520	1559
520	1835
520	2648
520	2943
520	3065
520	4056
520	4616
520	5167
520	5725
520	5727
520	6250
520	7130
520	10350
520	10673
520	10674
520	10680
521	72
521	213
521	458
521	471
521	478
521	539
521	554
521	566
521	576
521	588
521	672
521	1297
521	1443
521	3896
521	5726
521	9298
521	10680
521	22579
1528	72
1528	76
1528	95
1528	136
1528	155
1528	171
1528	195
1528	300
1528	400
1528	404
1528	416
1528	448
1528	458
1528	473
1528	478
1528	480
1528	490
1528	499
1528	504
1528	528
1528	566
1528	575
1528	588
1528	639
1528	645
1528	664
1528	672
1528	686
1528	688
1528	815
1528	851
1528	889
1528	958
1528	1197
1528	1297
1528	1395
1528	1422
1528	1438
1528	1476
1528	1508
1528	1835
1528	1935
1528	2648
1528	3237
1528	3896
1528	4520
1528	4616
1528	7130
1528	8935
2568	72
2568	195
2568	355
2568	416
2568	575
2568	576
2568	586
2568	645
2568	652
2568	794
2568	1297
2568	1424
2568	1442
2568	2576
2568	2604
2568	2612
2568	2648
2568	3197
2568	3598
2568	5725
2568	5727
2568	14112
4616	72
4616	136
4616	195
4616	300
4616	346
4616	355
4616	400
4616	416
4616	448
4616	471
4616	478
4616	480
4616	488
4616	490
4616	504
4616	530
4616	539
4616	566
4616	588
4616	645
4616	652
4616	664
4616	672
4616	688
4616	700
4616	802
4616	1197
4616	1297
4616	1396
4616	7130
9226	566
9226	588
9226	688
9226	1297
9226	3896
9226	9298
9226	13263
3598	72
3598	416
3598	794
3598	1297
3598	2604
3598	2612
3598	2648
3598	3197
3598	5725
528	72
528	74
528	76
528	106
528	118
528	136
528	155
528	175
528	186
528	195
528	213
528	215
528	300
528	400
528	401
528	404
528	416
528	458
528	462
528	471
528	473
528	478
528	480
528	488
528	499
528	504
528	539
528	554
528	566
528	572
528	575
528	576
528	588
528	624
528	645
528	664
528	688
528	802
528	815
528	851
528	889
528	925
528	1297
528	1395
528	1396
528	1438
528	1476
528	1481
528	1559
528	1566
528	4056
528	5725
528	5939
528	8935
528	10339
528	10350
529	136
529	539
529	554
529	588
529	672
529	815
529	1197
529	1297
529	5725
529	10302
530	72
530	74
530	95
530	136
530	175
530	186
530	213
530	416
530	448
530	471
530	473
530	478
530	480
530	539
530	554
530	563
530	566
530	575
530	576
530	586
530	588
530	624
530	639
530	645
530	664
530	672
530	734
530	794
530	815
530	819
530	851
530	1049
530	1137
530	1197
530	1297
530	1395
530	1396
530	1442
530	1476
530	1559
530	2576
530	2604
530	3237
530	5167
530	5939
530	7310
530	10302
2576	72
2576	300
2576	416
2576	458
2576	576
2576	588
2576	652
2576	734
2576	851
2576	927
2576	1137
2576	1297
2576	1424
2576	2648
2576	4072
2576	6495
1559	72
1559	74
1559	76
1559	116
1559	136
1559	175
1559	213
1559	400
1559	416
1559	448
1559	471
1559	480
1559	499
1559	539
1559	566
1559	576
1559	588
1559	639
1559	652
1559	664
1559	734
1559	802
1559	815
1559	819
1559	851
1559	1049
1559	1137
1559	1297
1559	1371
1559	1424
1559	1438
1559	1476
1559	1481
1559	1507
1559	1935
1559	3237
1559	5725
1559	8330
1049	76
1049	136
1049	175
1049	186
1049	346
1049	355
1049	448
1049	473
1049	478
1049	480
1049	488
1049	490
1049	563
1049	639
1049	652
1049	734
1049	802
1049	815
1049	851
1049	1297
1049	1371
1049	1507
1049	1566
1049	1935
1049	5939
1049	8330
539	72
539	74
539	76
539	95
539	136
539	155
539	175
539	184
539	186
539	195
539	215
539	300
539	400
539	401
539	404
539	416
539	448
539	458
539	462
539	471
539	473
539	478
539	480
539	499
539	554
539	563
539	566
539	575
539	576
539	577
539	588
539	624
539	664
539	672
539	734
539	802
539	815
539	819
539	889
539	1197
539	1297
539	1422
539	1507
539	4535
539	5167
539	10680
1566	76
1566	116
1566	136
1566	171
1566	195
1566	300
1566	400
1566	462
1566	473
1566	478
1566	490
1566	499
1566	688
1566	802
1566	925
1566	934
1566	1297
1566	1371
1566	1424
1566	1935
1566	2975
1566	4520
1566	6250
1566	7269
13864	688
13864	1297
13864	2943
13864	6250
554	136
554	195
554	300
554	346
554	416
554	458
554	471
554	473
554	478
554	504
554	566
554	575
554	576
554	588
554	612
554	624
554	645
554	664
554	672
554	818
554	1297
554	1422
554	3896
554	4056
554	5167
554	5726
554	10680
554	15591
554	21982
2604	416
2604	652
2604	1297
2604	1424
2604	2612
2604	2648
2604	3197
2604	5725
2604	5726
2604	5727
5167	72
5167	136
5167	184
5167	186
5167	213
5167	448
5167	471
5167	473
5167	478
5167	480
5167	566
5167	575
5167	588
5167	645
5167	664
5167	672
5167	815
5167	819
5167	1297
5167	1476
22578	815
22578	1297
22578	1935
22578	17289
563	72
563	76
563	106
563	136
563	175
563	195
563	416
563	448
563	458
563	478
563	488
563	499
563	504
563	575
563	586
563	645
563	652
563	681
563	700
563	734
563	815
563	1297
563	1395
563	1935
563	3237
2612	416
2612	576
2612	586
2612	1297
2612	1442
2612	2648
2612	3197
2612	5725
2612	5727
2612	14112
22579	1297
22579	3896
22579	5726
22579	10680
566	72
566	74
566	76
566	95
566	118
566	136
566	171
566	175
566	184
566	186
566	195
566	213
566	300
566	346
566	355
566	416
566	458
566	462
566	471
566	473
566	478
566	480
566	488
566	490
566	499
566	504
566	575
566	576
566	588
566	612
566	624
566	645
566	664
566	672
566	688
566	700
566	794
566	815
566	818
566	851
566	958
566	1137
566	1297
566	1396
566	1438
566	1476
566	3197
566	3896
566	4056
566	6495
566	8935
566	10680
566	15591
572	76
572	95
572	106
572	136
572	155
572	175
572	195
572	215
572	234
572	300
572	400
572	416
572	458
572	462
572	473
572	480
572	499
572	652
572	664
572	851
572	1297
572	1481
572	1935
10302	639
10302	700
10302	734
10302	815
10302	1137
10302	1297
10302	4072
10302	5725
575	72
575	76
575	118
575	136
575	175
575	300
575	355
575	416
575	471
575	480
575	499
575	504
575	576
575	586
575	588
575	624
575	645
575	652
575	664
575	672
575	794
575	815
575	851
575	1297
575	1422
575	1438
575	1476
575	1481
575	3237
575	4056
576	72
576	76
576	186
576	195
576	213
576	215
576	243
576	355
576	416
576	458
576	471
576	478
576	490
576	586
576	588
576	624
576	672
576	1297
576	1424
576	1443
576	1476
576	1508
576	2648
576	3197
576	3896
576	4056
576	5726
576	10680
576	15591
577	136
577	195
577	215
577	243
577	355
577	400
577	404
577	416
577	448
577	480
577	499
577	504
577	586
577	664
577	734
577	851
577	1297
577	1481
577	4535
9799	95
9799	184
9799	458
9799	802
9799	925
9799	958
9799	1297
9799	1442
9799	1443
9799	1655
9799	2511
9799	6250
72	74
72	76
72	95
72	118
72	136
72	175
72	195
72	213
72	300
72	346
72	355
72	416
72	448
72	471
72	478
72	480
72	499
72	504
72	586
72	588
72	645
72	652
72	664
72	672
72	688
72	734
72	794
72	802
72	815
72	818
72	851
72	889
72	1297
72	1396
72	1422
72	1438
72	1476
72	1481
72	3197
72	3237
72	4056
74	76
74	106
74	116
74	118
74	136
74	155
74	175
74	184
74	186
74	195
74	215
74	243
74	346
74	448
74	462
74	473
74	488
74	588
74	652
74	672
74	686
74	734
74	802
74	851
74	889
74	927
74	934
74	1297
74	1371
74	1395
74	1476
74	1507
74	3237
586	76
586	106
586	175
586	213
586	215
586	234
586	243
586	355
586	416
586	652
586	734
586	925
586	1297
586	3237
76	95
76	106
76	116
76	118
76	136
76	155
76	171
76	175
76	184
76	186
76	195
76	213
76	215
76	234
76	243
76	300
76	355
76	400
76	401
76	404
76	416
76	448
76	458
76	462
76	471
76	473
76	478
76	480
76	488
76	490
76	499
76	504
76	588
76	612
76	624
76	645
76	652
76	664
76	672
76	681
76	686
76	688
76	700
76	734
76	802
76	815
76	818
76	851
76	889
76	925
76	934
76	1297
76	1371
76	1395
76	1396
76	1422
76	1424
76	1438
76	1442
76	1443
76	1476
76	1481
76	1507
76	1508
76	1655
76	1738
76	1777
588	95
588	136
588	175
588	195
588	213
588	300
588	404
588	458
588	462
588	471
588	478
588	488
588	504
588	612
588	624
588	639
588	645
588	664
588	672
588	681
588	700
588	889
588	1297
588	1443
588	3896
588	4056
588	5726
588	6250
588	6495
588	9298
588	10680
588	15591
7245	195
7245	458
7245	700
7245	1297
7245	1443
7245	6250
7245	7483
9298	688
9298	1297
9298	10680
9298	13263
2648	136
2648	416
2648	652
2648	664
2648	1297
2648	1424
2648	3197
2648	5727
2648	14112
5725	116
5725	195
5725	416
5725	639
5725	815
5725	1137
5725	1297
5725	1424
5725	1738
5725	5726
5725	5727
5725	6250
5725	7130
5725	10350
5726	136
5726	416
5726	1137
5726	1297
5726	1424
5726	3896
5726	10680
5726	15591
95	136
95	155
95	175
95	184
95	213
95	215
95	300
95	404
95	448
95	458
95	471
95	478
95	480
95	488
95	499
95	645
95	664
95	700
95	802
95	818
95	851
95	889
95	958
95	1297
95	1396
95	1443
95	1508
95	1835
95	2511
95	6250
95	7130
95	12413
5727	416
5727	1297
5727	1395
5727	1424
5727	3197
5727	4007
5727	14112
10339	478
10339	700
10339	851
10339	1297
10339	2178
10339	5939
612	136
612	186
612	473
612	478
612	499
612	504
612	652
612	734
612	1297
7269	116
7269	184
7269	195
7269	490
7269	639
7269	700
7269	1297
7269	1371
7269	2975
7269	4520
7269	6250
106	116
106	136
106	155
106	175
106	186
106	195
106	234
106	243
106	300
106	355
106	400
106	448
106	462
106	473
106	488
106	652
106	1297
106	1396
106	1935
106	3237
6250	116
6250	136
6250	195
6250	300
6250	400
6250	458
6250	471
6250	478
6250	488
6250	490
6250	688
6250	700
6250	1297
6250	1371
6250	1443
6250	2943
6250	2975
6250	4520
6250	7130
6250	7483
10350	815
10350	1297
624	155
624	171
624	175
624	195
624	213
624	458
624	471
624	478
624	499
624	1297
624	1476
624	4056
624	10680
1137	136
1137	175
1137	243
1137	416
1137	448
1137	639
1137	652
1137	734
1137	802
1137	815
1137	851
1137	1297
1137	1424
1137	1935
1137	3237
1137	4056
1137	4072
116	136
116	155
116	175
116	184
116	186
116	195
116	400
116	448
116	478
116	488
116	490
116	639
116	664
116	686
116	700
116	734
116	802
116	889
116	925
116	934
116	1297
116	1371
116	1424
116	1835
116	1935
116	2975
116	4520
118	155
118	195
118	458
118	851
118	1297
118	1438
118	1476
118	4056
1655	1297
1655	1442
1655	1443
1655	2511
3197	213
3197	416
3197	851
3197	1297
3197	1424
3197	1442
9341	734
9341	802
9341	925
9341	1297
9341	1371
9341	1507
9341	8330
639	136
639	155
639	175
639	195
639	243
639	300
639	404
639	448
639	458
639	473
639	480
639	681
639	734
639	802
639	815
639	851
639	889
639	1297
639	1835
639	1935
639	3237
12413	1297
12413	2511
2178	478
2178	700
2178	851
2178	1297
2178	5939
645	136
645	155
645	195
645	213
645	300
645	355
645	416
645	478
645	480
645	499
645	504
645	652
645	664
645	688
645	794
645	815
645	851
645	889
645	1297
645	1481
645	4056
136	155
136	171
136	175
136	184
136	186
136	195
136	213
136	215
136	234
136	243
136	300
136	355
136	400
136	404
136	416
136	448
136	458
136	462
136	471
136	473
136	478
136	480
136	488
136	490
136	499
136	504
136	652
136	664
136	672
136	681
136	686
136	688
136	700
136	734
136	802
136	815
136	818
136	851
136	889
136	925
136	934
136	1197
136	1297
136	1371
136	1395
136	1396
136	1438
136	1476
136	1481
136	1507
136	1508
136	1738
136	1777
136	1935
136	3237
136	4056
136	4535
136	5939
136	7130
136	8330
136	8935
8330	734
8330	802
8330	1297
8330	1507
8330	4535
652	175
652	186
652	195
652	243
652	355
652	400
652	416
652	448
652	462
652	480
652	499
652	504
652	672
652	681
652	734
652	794
652	802
652	815
652	925
652	1297
652	1396
652	1424
652	1438
652	1481
652	1507
652	1935
652	3237
652	3896
652	4535
7310	195
7310	934
7310	1297
7310	1442
7310	4535
7310	7130
664	171
664	184
664	195
664	213
664	300
664	400
664	404
664	416
664	448
664	462
664	471
664	473
664	478
664	480
664	499
664	504
664	672
664	700
664	794
664	815
664	818
664	1197
664	1297
664	1371
664	1396
664	1422
664	1438
664	1476
664	1481
664	1935
664	7130
155	175
155	184
155	186
155	195
155	215
155	300
155	401
155	404
155	448
155	458
155	473
155	478
155	488
155	490
155	672
155	700
155	802
155	889
155	958
155	1297
155	1424
155	1443
155	1935
155	2975
155	3065
155	4535
672	195
672	213
672	300
672	346
672	355
672	400
672	404
672	416
672	458
672	471
672	478
672	480
672	488
672	490
672	688
672	700
672	802
672	889
672	1197
672	1297
672	1396
672	1443
3237	175
3237	300
3237	416
3237	499
3237	734
3237	815
3237	851
3237	1297
3237	1935
3237	4072
681	175
681	234
681	243
681	400
681	416
681	448
681	478
681	480
681	488
681	734
681	1297
681	1777
681	1835
171	175
171	195
171	215
171	300
171	400
171	458
171	478
171	488
171	688
171	802
171	815
171	889
171	925
171	934
171	1297
171	1371
171	1481
171	2943
171	2975
1197	175
1197	195
1197	346
1197	458
1197	478
1197	480
1197	700
1197	802
1197	851
1197	1297
1197	1396
686	175
686	186
686	215
686	404
686	416
686	448
686	462
686	473
686	478
686	734
686	802
686	889
686	925
686	1297
686	1371
686	1424
686	1507
686	3065
686	4007
175	186
175	195
175	215
175	234
175	243
175	300
175	355
175	400
175	416
175	448
175	458
175	462
175	473
175	478
175	480
175	488
175	490
175	499
175	504
175	688
175	734
175	802
175	815
175	818
175	889
175	925
175	934
175	1297
175	1371
175	1395
175	1424
175	1481
175	1507
175	1935
688	195
688	213
688	300
688	400
688	458
688	471
688	478
688	480
688	490
688	499
688	802
688	815
688	889
688	934
688	1297
688	1507
688	2943
688	13263
184	186
184	195
184	215
184	300
184	404
184	416
184	458
184	473
184	504
184	700
184	734
184	802
184	889
184	925
184	1297
184	1371
184	1424
184	1438
184	1443
184	1507
184	4535
186	195
186	215
186	234
186	400
186	416
186	448
186	458
186	462
186	471
186	473
186	478
186	480
186	488
186	490
186	504
186	700
186	734
186	802
186	815
186	818
186	819
186	925
186	1297
186	1395
186	1507
186	4535
700	195
700	300
700	346
700	400
700	404
700	448
700	458
700	471
700	473
700	478
700	480
700	488
700	490
700	504
700	1297
700	1443
700	1835
700	5939
700	7483
195	213
195	215
195	234
195	300
195	400
195	401
195	404
195	448
195	458
195	462
195	471
195	473
195	478
195	480
195	488
195	490
195	499
195	504
195	734
195	747
195	802
195	851
195	889
195	925
195	934
195	1297
195	1371
195	1395
195	1396
195	1438
195	1481
195	1507
195	1738
195	1835
195	2943
195	2975
195	3065
195	4520
195	4535
195	7130
195	7483
1738	416
1738	734
1738	1297
1738	1396
213	355
213	404
213	416
213	458
213	471
213	478
213	480
213	488
213	499
213	504
213	1297
213	1396
213	1438
213	1476
213	4056
215	234
215	243
215	355
215	400
215	404
215	416
215	458
215	462
215	473
215	499
215	734
215	925
215	1297
215	1424
215	1443
215	1507
215	3065
734	234
734	243
734	346
734	355
734	400
734	416
734	448
734	462
734	473
734	478
734	480
734	499
734	802
734	815
734	851
734	889
734	925
734	1297
734	1371
734	1395
734	1396
734	1424
734	1507
734	1935
734	3065
734	4007
734	4072
8935	478
8935	480
8935	1297
8935	1508
15591	1297
15591	3896
15591	10680
234	243
234	355
234	400
234	401
234	416
234	458
234	462
234	473
234	480
234	499
234	1297
747	400
747	458
747	471
747	478
747	1297
1777	458
1777	478
1777	488
1777	1297
1777	1507
1777	1835
243	355
243	416
243	462
243	480
243	499
243	794
243	802
243	925
243	1297
243	3065
1297	300
1297	346
1297	355
1297	400
1297	401
1297	404
1297	416
1297	448
1297	458
1297	462
1297	471
1297	473
1297	478
1297	480
1297	488
1297	490
1297	499
1297	504
1297	794
1297	802
1297	815
1297	818
1297	819
1297	851
1297	889
1297	925
1297	927
1297	934
1297	958
1297	1371
1297	1395
1297	1396
1297	1422
1297	1424
1297	1438
1297	1442
1297	1443
1297	1476
1297	1481
1297	1507
1297	1508
1297	1835
1297	1935
1297	2511
1297	2943
1297	2975
1297	3065
1297	3896
1297	4007
1297	4056
1297	4072
1297	4520
1297	4535
1297	5939
1297	6100
1297	6495
1297	7130
1297	7483
1297	10673
1297	10674
1297	10680
1297	13263
1297	14112
1297	17289
1297	20979
1297	21982
794	355
794	416
794	458
794	819
794	1422
794	1476
802	300
802	355
802	400
802	404
802	416
802	448
802	462
802	473
802	478
802	480
802	499
802	504
802	818
802	889
802	925
802	927
802	1371
802	1424
802	1481
802	1507
802	1935
802	3065
802	4007
802	4535
1835	400
1835	404
1835	458
1835	478
1835	488
1835	490
1835	1371
1835	1443
1835	2975
1835	4072
1835	4520
1835	7130
300	400
300	462
300	471
300	473
300	478
300	480
300	490
300	499
300	504
300	815
300	851
300	889
300	925
300	934
300	1438
300	1481
300	1507
300	2943
815	346
815	400
815	416
815	448
815	462
815	471
815	473
815	478
815	480
815	488
815	499
815	818
815	819
815	851
815	934
815	1395
815	1396
815	1438
815	1481
815	1935
815	4072
815	17289
818	471
818	1508
818	4056
818	10673
818	10674
819	471
819	480
819	1395
819	1935
5939	416
5939	458
5939	478
5939	851
5939	1476
3896	458
3896	504
3896	10680
7483	458
7483	471
7483	1443
851	346
851	400
851	416
851	462
851	480
851	499
851	889
851	1395
851	1396
851	1438
851	1476
851	1935
851	4056
851	7130
346	416
346	478
346	1935
1371	400
1371	448
1371	478
1371	488
1371	490
1371	889
1371	925
1371	934
1371	1424
1371	1507
1371	2975
1371	3065
1371	4520
6495	927
6495	1424
6495	4072
355	416
355	499
355	925
355	1507
1395	400
1395	448
1395	471
1395	473
1395	478
1395	488
1395	889
1395	1396
1395	4007
1396	400
1396	471
1396	473
1396	480
1396	488
1396	499
1396	889
1396	1481
889	400
889	448
889	458
889	473
889	480
889	488
889	925
889	934
889	1422
889	1443
889	2943
17289	1935
1422	400
1422	416
1422	504
1422	1476
1935	448
1935	462
1935	478
1935	480
1935	488
400	416
400	448
400	458
400	462
400	471
400	473
400	478
400	480
400	488
400	490
400	499
400	504
400	925
400	934
400	1443
400	1481
400	7130
401	404
401	458
401	471
401	1443
1424	416
1424	458
1424	925
1424	927
1424	958
1424	1443
1424	1507
1424	3065
1424	4072
1424	6100
404	416
404	448
404	458
404	471
404	478
404	480
404	490
404	504
404	1442
404	1443
404	1481
404	2975
404	4520
404	4535
925	416
925	458
925	462
925	934
925	1481
925	1507
925	2511
1438	416
1438	478
1438	480
1438	499
1438	504
1438	1476
1438	2975
1438	4056
927	4072
416	458
416	462
416	473
416	478
416	480
416	499
416	504
416	1442
416	1481
416	4056
2975	490
2975	934
2975	4520
2975	7130
1442	458
1442	478
1442	1443
1442	2511
1443	458
1443	478
1443	488
1443	958
1443	2511
1443	3065
1443	6100
934	471
934	473
934	478
934	504
934	4535
934	7130
4520	490
10673	1508
10673	10674
10674	1508
4535	473
4535	504
4535	1507
4535	7130
10680	458
10680	1507
958	458
958	2511
958	3065
958	6100
448	473
448	478
448	480
448	488
448	490
448	499
448	504
448	1507
1476	471
1476	478
1476	480
1476	7130
1481	462
1481	478
1481	480
1481	499
1481	504
1481	3065
458	471
458	478
458	480
458	488
458	499
458	2511
458	3065
458	6100
462	473
462	480
462	490
462	499
462	1507
6100	3065
6100	4072
471	473
471	478
471	480
471	488
471	490
471	504
471	7130
473	478
473	480
473	488
473	490
473	504
473	1507
7130	478
7130	480
478	480
478	488
478	490
478	499
478	504
478	1507
480	488
480	499
480	504
488	490
488	499
499	504
----- Node: 14647 Degree: 5
928	4911
928	14647
928	14648
928	14649
928	14650
4911	14647
4911	14648
4911	14649
4911	14650
14647	14648
14647	14649
14647	14650
14648	14649
14648	14650
14649	14650
----- Node: 34492 Degree: 3
19712	19710
19712	19711
19712	34492
34492	19710
34492	19711
19710	19711
----- Node: 24843 Degree: 4
21160	14975
21160	15198
21160	24811
21160	24843
24843	14975
24843	15198
24843	24811
24811	14975
24811	15198
15198	14975
----- Node: 2842 Degree: 1
2842	82
----- Node: 25922 Degree: 2
5042	25922
2753	25922
----- Node: 2479 Degree: 29
1927	286
1927	1168
1927	1180
1927	1937
1927	1951
1927	2479
1927	4842
1927	18764
1927	19211
19211	1951
19211	2479
19211	18764
1168	168
1168	286
1168	409
1168	869
1168	1099
1168	1141
1168	1180
1168	1821
1168	1946
1168	2477
1168	2479
1168	2492
1168	2493
1168	4726
1168	10017
1168	10210
1168	13972
1937	875
1937	1180
1937	1821
1937	2479
1937	16857
915	172
915	286
915	869
915	1099
915	1143
915	1180
915	1951
915	2479
13972	286
13972	2477
13972	2479
13972	2492
13972	2493
13972	10017
13972	10210
409	168
409	172
409	286
409	869
409	1099
409	2477
409	2479
409	10017
1946	286
1946	875
1946	1180
1946	1821
1946	2479
1946	10210
1180	168
1180	286
1180	869
1180	1143
1180	1821
1180	2477
1180	2479
1180	16857
1821	875
1821	1143
1821	2479
1821	16857
286	168
286	172
286	869
286	875
286	1099
286	1141
286	1143
286	2477
286	2479
286	2492
286	2493
286	4726
286	10017
286	10210
1951	1143
1951	2479
1951	4842
1951	18764
10017	2479
10017	2492
10017	2493
10017	4726
10017	10210
168	172
168	875
168	1141
168	2477
168	2478
168	2479
168	2492
168	2493
172	869
172	875
172	1141
172	2478
172	2479
2477	869
2477	2479
2477	2493
2478	1141
2478	1143
2478	2479
2479	869
2479	875
2479	1099
2479	1141
2479	1143
2479	2492
2479	2493
2479	4726
2479	4842
2479	10210
2479	16857
2479	18764
2492	2493
2492	10210
2493	10210
1099	1143
10210	4726
869	875
869	1143
875	1141
----- Node: 26659 Degree: 2
26378	26658
26378	26659
26659	26658
----- Node: 26018 Degree: 2
4232	8315
4232	26018
26018	8315
----- Node: 7150 Degree: 1
195	7150
----- Node: 35550 Degree: 6
13312	11430
13312	34069
13312	35547
13312	35548
13312	35549
13312	35550
11430	34069
11430	35547
11430	35548
11430	35549
11430	35550
34069	35547
34069	35548
34069	35549
34069	35550
35547	35548
35547	35549
35547	35550
35548	35549
35548	35550
35549	35550
----- Node: 18762 Degree: 4
18762	2061
18762	18763
18762	18764
18762	18765
18763	2061
18763	18764
18763	18765
18764	2061
18764	18765
2061	18765
----- Node: 15679 Degree: 4
6855	10605
6855	15679
6855	19567
10605	15679
10605	19567
19567	15679
566	15679
