301	6711
----- Node: 6711 Degree: 1
6974	6892
6974	6893
6974	127
6892	6893
6892	127
6893	127
----- Node: 6974 Degree: 3
27805	27802
27805	27806
27805	27801
27805	27807
27805	27804
27805	27803
27802	27806
27802	27801
27802	27807
27802	27804
27802	27803
27806	27801
27806	27807
27806	27804
27806	27803
27801	27807
27801	27804
27801	27803
27807	27804
27807	27803
27804	27803
----- Node: 27802 Degree: 6
24320	286
24320	24321
24320	13983
24320	24319
13983	13984
13983	4413
13983	2502
13983	2476
13983	2487
13983	24226
13983	24219
13983	24243
13983	24321
13983	2486
13983	24218
13983	828
13983	286
13983	24319
13983	4691
13983	279
13983	2473
2502	2476
2502	2487
2502	828
2502	286
2502	24319
2502	13984
2476	2486
2476	2487
2476	828
2476	286
2476	4691
2476	13984
2476	2473
2487	2486
2487	828
2487	286
2487	4413
2487	4691
2487	13984
2487	2473
24226	286
24226	24219
24219	286
24219	24243
24219	24218
13984	2486
13984	828
13984	286
13984	24319
13984	2473
24243	286
24243	24218
24321	286
24321	24319
2486	828
2486	286
2486	4413
2486	4691
2486	2473
24218	286
828	286
828	2473
286	4413
286	24319
286	4691
286	279
286	2473
4413	4691
4413	2473
4691	2473
----- Node: 13983 Degree: 18
33705	33704
33705	33742
33705	33706
33705	33743
33705	28494
33705	33707
33705	33747
28494	33742
28494	33707
33742	33743
33742	33707
33742	33706
33707	33706
33707	33743
33707	33704
33707	33748
33707	33747
33706	33704
33706	33743
----- Node: 33707 Degree: 8
22565	23406
22565	23407
22565	4755
22565	13883
22565	21401
23406	21401
23406	4755
23406	13883
23406	23407
23407	4755
23407	13883
23407	21401
21401	4755
21401	13883
4755	13883
----- Node: 23407 Degree: 5
23660	5222
23660	23639
23660	23661
23660	20297
23639	23661
23639	20297
23639	5222
23661	20297
23661	5222
20297	5222
----- Node: 23661 Degree: 4
13586	4655
13586	13587
----- Node: 13586 Degree: 2
1216	466
1216	4688
1216	4519
1216	1478
1216	913
1216	716
1216	1028
1216	1049
1216	1883
1216	319
1216	13162
1216	7105
1216	155
1216	478
1216	7144
1216	2774
1216	787
1216	136
1216	1528
1216	1140
1216	1691
1216	786
1216	448
1216	490
1216	4365
1216	273
1216	88
1216	1835
1216	1087
1216	2743
1216	4524
1216	489
1216	723
1216	326
2770	1821
2770	1836
2770	1737
2770	10183
2770	7270
2770	1843
2770	487
2770	109
2770	1028
2770	490
4688	1368
4688	1691
4688	486
4688	232
4688	490
4688	2975
4688	1028
4688	273
4688	817
4688	250
4688	714
4688	1827
4688	700
4688	195
4688	487
4688	929
1471	1566
1471	1371
1471	195
1471	75
1471	1478
1471	2055
1471	173
1471	250
1471	1558
1471	116
1471	714
1471	2924
1471	662
1471	136
1471	186
1471	2975
1471	786
1471	473
1471	490
1471	674
1471	194
1471	88
1471	2559
1471	319
1471	676
1471	300
1471	76
1471	929
1471	4694
1471	694
1471	4244
4703	1478
4703	477
4703	195
4703	4676
4703	7408
4703	490
4703	4616
4703	1049
4703	250
4703	7357
4703	2937
4703	4682
4703	700
4703	816
4703	478
1836	1821
1836	492
1836	1028
1836	250
1836	1248
1836	7270
1836	1202
1836	4237
1836	195
1836	787
1836	1737
1836	4397
1836	194
1836	1843
1836	960
1836	1835
1836	6250
1836	1827
1836	4378
1836	1838
1836	929
1836	10184
1836	1853
1836	75
1836	4398
1836	2495
1836	13150
1836	1368
1836	7492
1836	10183
1836	692
1836	116
1836	489
1836	4275
1836	8647
1836	109
1836	490
1836	7269
1836	1877
1836	4375
1836	1566
1836	232
1836	1736
1836	1371
1836	1362
1836	7197
1836	319
1836	676
1836	1728
1836	1873
1836	4356
1836	6960
1836	487
1836	714
1836	326
1202	676
1202	195
1202	75
1202	1499
1202	603
1202	817
1202	1883
1202	1389
1202	251
1202	342
1202	1941
1202	109
1202	4708
1202	173
1202	1368
1202	1140
1202	194
1202	486
1202	1477
1202	960
1202	7103
1202	2471
1202	487
1202	674
1202	1362
1202	2559
1202	319
1202	4729
1202	4356
1202	2743
1202	76
1202	1782
1202	490
1202	1838
1202	929
251	195
251	4697
251	492
251	692
251	4708
251	250
251	76
251	194
251	109
251	1368
251	186
251	318
251	400
251	490
251	674
251	2559
251	319
251	1487
251	4721
251	188
251	715
251	471
251	326
251	4694
251	694
251	714
251	676
714	716
714	195
714	2950
714	1478
714	692
714	2924
714	674
714	2937
714	700
714	250
714	4699
714	662
714	4362
714	2055
714	1368
714	194
714	2975
714	228
714	7141
714	4694
714	490
714	342
714	2559
714	319
714	1487
714	676
714	300
714	715
714	2743
714	471
714	400
714	694
714	188
2992	488
2992	477
2992	195
2992	7437
2992	4676
2992	490
2992	716
2992	1028
2992	273
2992	250
2992	672
2992	700
2992	471
2992	2937
2992	4682
2992	4378
2992	478
2992	4702
2992	688
2992	6250
186	466
186	136
186	674
186	462
186	75
186	4389
186	492
186	1049
186	817
186	228
186	490
186	1478
186	4361
186	700
186	195
186	155
186	1297
186	488
186	175
186	473
186	194
186	576
186	76
186	448
186	232
186	487
186	342
186	1455
186	88
186	116
186	471
186	516
186	715
186	566
186	452
186	188
186	400
186	694
186	478
7492	1853
7492	4520
7492	1478
7492	1737
7492	692
7492	478
7492	116
7492	195
7492	787
7492	1877
7492	1883
7492	7491
7492	4375
7492	1728
7492	490
7492	1371
7492	565
7492	1827
7492	1708
7492	487
7492	929
603	250
603	715
603	195
603	75
603	88
603	89
603	487
603	960
603	1028
603	273
603	817
603	228
603	1248
603	4378
603	188
603	490
603	326
816	719
816	1478
816	188
816	492
816	1028
816	2937
816	228
816	19350
816	7208
816	194
816	1691
816	1477
816	566
816	448
816	7187
816	674
816	273
816	4676
816	1835
816	1487
816	6250
816	516
816	4697
816	4524
816	1831
816	6406
816	488
816	4702
816	195
816	1870
816	2920
816	716
816	692
816	817
816	4361
816	7303
816	478
816	700
816	404
816	4362
816	136
816	4708
816	1368
816	672
816	786
816	250
816	2774
816	232
816	490
816	473
816	1558
816	4616
816	1455
816	565
816	1852
816	676
816	76
816	489
816	487
816	555
816	326
318	1737
318	1883
318	194
318	4375
318	228
318	490
318	716
318	492
318	487
318	250
318	319
318	1728
318	342
318	195
318	489
318	1708
318	694
318	1371
960	1821
960	13150
960	1853
960	75
960	715
960	492
960	1248
960	1389
960	7270
960	489
960	194
960	109
960	1877
960	4398
960	4375
960	1477
960	228
960	1574
960	487
960	4365
960	107
960	1362
960	88
960	2559
960	1487
960	1827
960	4378
960	4356
960	326
960	490
960	1838
960	929
448	1831
448	4676
448	1478
448	700
448	1028
448	1049
448	228
448	723
448	948
448	1297
448	175
448	1737
448	76
448	273
448	7491
448	516
448	4378
448	4524
448	452
448	787
448	1708
448	488
448	195
448	1728
448	75
448	716
448	692
448	1389
448	478
448	116
448	404
448	155
448	136
448	1528
448	473
448	2774
448	400
448	487
448	1371
448	4616
448	89
448	565
448	319
448	676
448	595
448	8723
448	188
448	6391
448	490
448	489
7105	195
7105	1691
7105	4524
7105	7141
7105	319
7105	490
7105	716
7105	273
7105	565
7105	13162
7105	4729
7105	700
7105	7187
7105	7144
7105	400
7105	662
7105	4701
719	477
719	195
719	516
719	4676
719	716
719	7303
719	4553
719	700
719	404
719	4682
719	1528
719	672
719	786
719	232
719	490
719	1558
719	273
719	1487
719	300
719	4697
719	452
719	694
719	188
1835	1478
1835	700
1835	1028
1835	2937
1835	1362
1835	195
1835	478
1835	1297
1835	250
1835	1691
1835	1574
1835	273
1835	516
1835	452
1835	787
1835	2920
1835	488
1835	1853
1835	4520
1835	6406
1835	1827
1835	1528
1835	7110
1835	205
1835	4361
1835	4362
1835	116
1835	404
1835	4682
1835	5752
1835	1368
1835	1728
1835	2975
1835	228
1835	232
1835	487
1835	1371
1835	1455
1835	319
1835	1852
1835	4729
1835	595
1835	326
1835	400
1835	490
1835	4701
1835	7162
300	1528
300	674
300	462
300	595
300	75
300	688
300	1478
300	1084
300	1028
300	692
300	2055
300	477
300	478
300	700
300	195
300	155
300	1297
300	136
300	175
300	540
300	672
300	1397
300	1566
300	566
300	232
300	490
300	473
300	4616
300	565
300	471
300	6250
300	516
300	76
300	452
300	188
300	400
300	694
300	676
4356	1821
4356	195
4356	486
4356	2495
4356	173
4356	116
4356	4275
4356	109
4356	155
4356	1737
4356	4397
4356	194
4356	4375
4356	4890
4356	1736
4356	487
4356	2471
4356	6960
4356	1708
4356	490
4524	488
4524	1084
4524	1087
4524	716
4524	2740
4524	948
4524	1028
4524	462
4524	477
4524	273
4524	116
4524	7187
4524	195
4524	478
4524	632
4524	404
4524	662
4524	136
4524	7144
4524	1691
4524	13162
4524	7437
4524	7141
4524	232
4524	490
4524	1371
4524	1558
4524	107
4524	1455
4524	565
4524	319
4524	4729
4524	516
4524	4697
4524	700
4524	400
4524	4701
4524	555
1728	1736
1728	1853
1728	175
1728	492
1728	692
1728	1843
1728	723
1728	1389
1728	116
1728	109
1728	787
1728	136
1728	8647
1728	1737
1728	1883
1728	1566
1728	228
1728	487
1728	1371
1728	4365
1728	1574
1728	676
1728	4378
1728	76
1728	326
1728	1708
1728	490
1728	4244
929	1821
929	1853
929	7103
929	4398
929	2495
929	913
929	1883
929	4708
929	326
929	1389
929	116
929	4275
929	1941
929	109
929	155
929	787
929	250
929	8647
929	1368
929	4397
929	194
929	2975
929	4375
929	89
929	2471
929	487
929	4362
929	7197
929	273
929	2559
929	319
929	1782
929	1873
929	6960
929	490
929	1838
929	489
136	1371
136	1478
136	4389
136	492
136	1084
136	1049
136	173
136	9093
136	723
136	155
136	195
136	478
136	205
136	688
136	250
136	175
136	540
136	326
136	194
136	76
136	674
136	487
136	273
136	116
136	1087
136	6250
136	516
136	174
136	452
136	787
136	595
136	694
136	4378
136	910
136	477
136	462
136	75
136	1028
136	715
136	948
136	2924
136	817
136	672
136	4361
136	1297
136	700
136	404
136	804
136	1551
136	109
136	662
136	488
136	1528
136	1757
136	4700
136	1566
136	228
136	89
136	2471
136	490
136	473
136	1558
136	4616
136	1455
136	88
136	188
136	319
136	471
136	676
136	232
136	566
136	4244
136	400
136	8092
136	555
136	489
4389	194
4389	7103
4389	473
4389	1478
4389	487
4389	674
4389	817
4389	676
4389	116
4389	195
4389	4237
4389	566
4389	490
4389	478
1853	1821
1853	1566
1853	910
1853	195
1853	4520
1853	7103
1853	116
1853	692
1853	4397
1853	1389
1853	7270
1853	2975
1853	9485
1853	342
1853	155
1853	326
1853	787
1853	7269
1853	1737
1853	1883
1853	804
1853	75
1853	4375
1853	1574
1853	4237
1853	1371
1853	487
1853	88
1853	6250
1853	490
1853	4244
486	1821
486	488
486	1737
486	1371
486	195
486	1691
486	786
486	1478
486	487
486	692
486	817
486	250
486	489
486	188
486	490
486	787
2920	195
2920	4676
2920	1478
2920	716
2920	492
2920	2937
2920	4529
2920	692
2920	700
2920	194
2920	478
2920	1499
2920	688
2920	488
2920	1691
2920	250
2920	232
2920	490
2920	487
2920	7138
2920	516
2920	4697
2920	694
2920	4361
4702	250
4702	195
4702	1455
4702	4697
4702	490
4702	492
4702	2937
4702	4701
1877	1821
1877	1883
1877	1838
1877	1827
1877	2471
1877	490
1877	1708
1877	326
817	1478
817	492
817	205
817	4708
817	9093
817	4237
817	250
817	194
817	1477
817	566
817	116
817	516
817	452
817	195
817	75
817	692
817	4361
817	478
817	700
817	404
817	155
817	1691
817	488
817	1528
817	786
817	228
817	232
817	490
817	473
817	1558
817	1455
817	676
817	76
817	188
817	487
817	326
1140	2950
1140	1691
1140	487
1140	1028
1140	273
1140	2924
1140	250
1140	676
1140	195
1140	490
1140	489
1389	1821
1389	1736
1389	7103
1389	492
1389	1028
1389	692
1389	676
1389	250
1389	1883
1389	478
1389	116
1389	195
1389	109
1389	662
1389	787
1389	175
1389	1368
1389	4397
1389	194
1389	1907
1389	490
1389	674
1389	107
1389	1362
1389	1574
1389	19450
1389	1827
1389	1737
1389	76
1389	1371
1389	487
1389	326
7431	195
7431	2937
7431	700
7431	4676
7431	490
7431	7432
7431	7357
7431	7430
700	9093
700	787
700	632
700	7491
700	1477
700	4676
700	715
700	7269
700	195
700	1870
700	4697
700	7432
700	7430
700	12364
700	116
700	155
700	1551
700	1368
700	672
700	4700
700	228
700	1028
700	487
700	473
700	4616
700	1455
700	1757
700	4729
700	76
700	400
700	326
700	7096
700	4374
700	1478
700	205
700	2937
700	173
700	250
700	7357
700	7187
700	7144
700	1297
700	1691
700	7141
700	273
700	1487
700	6250
700	4682
700	452
700	1831
700	694
700	4721
700	477
700	948
700	478
700	566
700	404
700	4362
700	488
700	2774
700	232
700	490
700	7138
700	188
700	516
700	471
700	8723
700	716
700	489
700	4701
700	555
342	1821
342	910
342	7184
342	1975
342	2055
342	116
342	1941
342	4397
342	4398
342	194
342	490
342	107
342	88
342	319
342	4378
342	76
342	1782
632	488
632	195
632	76
632	4374
632	490
632	273
632	7138
632	471
632	478
632	174
632	400
632	188
194	4372
194	4381
194	4374
194	1478
194	492
194	2937
194	2055
194	173
194	228
194	478
194	155
194	250
194	1691
194	488
194	674
194	273
194	1487
194	1827
194	715
194	4380
194	694
194	1838
194	4378
194	4363
194	195
194	2495
194	1499
194	2924
194	326
194	4361
194	188
194	4275
194	109
194	662
194	4362
194	1368
194	1782
194	2975
194	4375
194	89
194	2471
194	487
194	473
194	4365
194	107
194	1362
194	2559
194	319
194	676
194	2743
194	76
194	716
194	490
194	489
19449	490
19449	7096
1368	4676
1368	492
1368	1028
1368	2937
1368	1362
1368	478
1368	804
1368	1883
1368	1691
1368	1477
1368	674
1368	228
1368	1487
1368	6250
1368	1870
1368	715
1368	4694
1368	694
1368	195
1368	4519
1368	7089
1368	716
1368	1499
1368	692
1368	676
1368	948
1368	404
1368	662
1368	4362
1368	672
1368	4700
1368	2975
1368	250
1368	232
1368	487
1368	107
1368	1455
1368	2559
1368	4729
1368	76
1368	489
1368	400
1368	490
1368	555
1368	326
1757	116
1757	473
1757	478
1757	1478
1757	76
1757	487
1757	1558
1757	490
4700	1528
4700	477
4700	7096
4700	2975
4700	4676
4700	488
4700	490
4700	4697
4700	205
4700	2937
4700	250
4700	672
4700	6250
4700	7491
4700	195
4700	489
4700	400
4700	478
228	492
228	1028
228	250
228	723
228	155
228	462
228	787
228	175
228	804
228	7141
228	1708
228	694
228	7269
228	5752
228	195
228	75
228	1499
228	1737
228	692
228	478
228	116
228	109
228	4362
228	2774
228	1831
228	487
228	1371
228	1455
228	565
228	488
228	232
228	76
228	489
228	490
228	326
1028	715
1028	205
1028	1049
1028	477
1028	1362
1028	155
1028	787
1028	175
1028	804
1028	273
1028	7491
1028	1827
1028	4378
1028	694
1028	1838
1028	488
1028	1084
1028	195
1028	6406
1028	716
1028	2740
1028	692
1028	2924
1028	13162
1028	948
1028	404
1028	4275
1028	662
1028	4362
1028	2975
1028	2774
1028	232
1028	487
1028	4365
1028	107
1028	1455
1028	723
1028	1087
1028	2743
1028	489
1028	400
1028	490
1028	326
2471	1821
2471	488
2471	195
2471	2495
2471	1737
2471	692
2471	173
2471	116
2471	4275
2471	109
2471	662
2471	688
2471	2975
2471	1736
2471	1691
2471	89
2471	487
2471	1371
2471	1831
2471	490
7110	488
7110	7303
7110	195
7110	7162
7110	490
4616	488
4616	7208
4616	516
4616	4676
4616	1478
4616	2937
4616	478
4616	1084
4616	7491
4616	195
4616	688
4616	1297
4616	1528
4616	672
4616	786
4616	490
4616	471
4616	4697
4616	566
4616	452
4616	787
4616	400
1455	488
1455	195
1455	492
1455	2937
1455	4708
1455	250
1455	478
1455	7187
1455	490
1455	489
1455	672
1455	1477
1455	232
1455	487
1455	473
1455	1558
1455	273
1455	4697
1455	555
1455	694
1455	4701
1455	76
88	1821
88	910
88	75
88	4398
88	1478
88	913
88	4378
88	692
88	1248
88	478
88	9485
88	804
88	109
88	155
88	540
88	473
88	195
88	490
88	107
88	273
88	89
88	116
88	319
88	516
88	715
88	76
88	1782
88	188
319	1478
319	188
319	1049
319	7270
319	7187
319	1941
319	175
319	804
319	6250
319	1708
319	694
319	7269
319	195
319	692
319	116
319	4275
319	109
319	488
319	2975
319	1566
319	250
319	4694
319	490
319	676
319	76
319	1782
319	400
319	487
319	489
4380	250
4380	2559
4380	195
4380	2975
4380	4381
4380	490
4380	674
4380	492
4380	694
4380	1691
7408	195
7408	4676
7408	1478
7408	490
7408	2937
76	492
76	1736
76	576
76	1477
76	1574
76	715
76	195
76	516
76	716
76	116
76	155
76	1551
76	109
76	662
76	672
76	487
76	473
76	107
76	1362
76	692
76	566
76	400
76	326
76	466
76	1478
76	205
76	1049
76	173
76	250
76	723
76	688
76	1297
76	175
76	540
76	1397
76	1691
76	674
76	273
76	1487
76	174
76	452
76	1708
76	694
76	910
76	477
76	462
76	75
76	1499
76	1737
76	948
76	478
76	404
76	804
76	488
76	1528
76	1566
76	89
76	232
76	490
76	1371
76	1558
76	471
76	676
76	595
76	489
76	188
7089	195
7089	4676
7089	6391
7089	490
7089	2937
7089	565
7089	471
7089	478
7089	400
7089	694
7089	688
7089	6250
400	4676
400	1478
400	250
400	4529
400	195
400	7144
400	688
400	1297
400	175
400	540
400	6250
400	516
400	715
400	452
400	694
400	676
400	488
400	716
400	462
400	4378
400	1528
400	692
400	2924
400	478
400	116
400	948
400	804
400	672
400	786
400	1566
400	473
400	89
400	232
400	490
400	1371
400	1362
400	7141
400	565
400	471
400	4729
400	6391
400	188
4372	490
4372	195
4372	492
4372	1478
7096	4721
7096	12364
7096	2937
7096	4676
7096	4701
7096	490
7096	195
7096	4362
1975	487
1975	195
1975	490
1975	174
910	75
910	195
910	490
910	89
910	948
910	107
910	155
910	694
1049	488
1049	2740
1049	692
1049	723
1049	478
1049	1084
1049	804
1049	1297
1049	175
1049	1566
1049	473
1049	490
1049	1371
1049	273
1049	676
1049	1087
4529	1528
4529	195
4529	1691
4529	786
4529	4374
4529	232
4529	716
4529	205
4529	273
4529	250
4529	565
4529	7397
4529	6250
4529	516
4529	715
4529	404
4529	490
4529	2975
477	466
477	195
477	1084
477	205
477	2937
477	478
477	404
477	688
477	175
477	672
477	232
477	490
477	273
477	4676
477	471
477	516
477	1087
477	566
477	452
477	188
7270	1821
7270	716
7270	4519
7270	75
7270	1478
7270	13150
7270	692
7270	10183
7270	116
7270	195
7270	1883
7270	1843
7270	1477
7270	490
7270	1371
7270	487
7270	694
7270	6250
7270	1248
7270	786
7270	4237
7270	1736
7270	7269
7187	488
7187	195
7187	490
7187	716
7187	662
462	195
462	75
462	174
462	1084
462	188
462	1397
462	662
462	175
462	804
462	1566
462	473
462	6391
462	490
462	107
462	273
462	565
462	250
462	715
462	566
462	452
462	1297
7144	1691
7144	7141
7144	490
7144	13162
7144	195
7144	555
7144	4729
688	195
688	516
688	4676
688	1478
688	1528
688	2937
688	173
688	250
688	692
688	478
688	1297
688	175
688	540
688	672
688	1397
688	1566
688	89
688	490
688	471
688	6250
688	232
688	566
688	452
688	188
4519	1883
4519	786
4519	913
4519	716
4519	692
4519	250
4519	404
4519	195
4519	6960
4519	490
4519	273
1737	4378
1737	175
1737	4365
1737	10184
1737	492
1737	1843
1737	4397
1737	692
1737	116
1737	195
1737	478
1737	109
1737	490
1737	787
1737	8647
1737	10183
1737	7103
1737	1566
1737	1736
1737	1371
1737	4375
1737	1574
1737	723
1737	676
1737	326
1737	1708
1737	487
1737	4244
10183	1843
10183	487
10183	109
10183	490
1397	175
1397	540
1397	195
1397	1478
1397	1736
1397	487
1397	692
1397	8092
1397	804
1397	490
1843	1821
1843	1736
1843	1371
1843	1478
1843	487
1843	116
1843	4397
1843	4378
1843	326
1843	6960
1843	109
1843	490
1843	787
4890	595
4890	7103
4890	232
4890	490
4890	1371
4890	487
7197	195
7197	4375
7197	490
7197	109
7197	1838
7197	489
273	1478
273	4381
273	1558
273	205
273	723
273	4553
273	1084
273	1941
273	155
273	787
273	175
273	1883
273	1691
273	4374
273	116
273	516
273	4378
273	913
273	6406
273	716
273	2740
273	404
273	7491
273	662
273	488
273	7269
273	2975
273	1566
273	7437
273	2774
273	232
273	490
273	4365
273	1087
273	676
273	2743
273	8092
273	489
4682	488
4682	195
4682	1691
4682	250
4682	4676
4682	490
4682	4697
4682	2937
4682	4553
4682	7357
4682	4701
174	175
174	195
174	232
174	490
174	205
174	516
174	404
174	804
174	188
452	466
452	4676
452	1478
452	250
452	4237
452	175
452	1691
452	8061
452	195
452	516
452	4697
452	488
452	7208
452	7184
452	913
452	692
452	948
452	155
452	576
452	1528
452	672
452	473
452	232
452	487
452	471
452	595
452	566
452	188
452	490
452	478
913	1821
913	4397
913	490
913	1883
913	195
913	6960
913	694
4721	195
4721	2937
4721	490
4721	692
4721	12364
4721	4697
4721	4362
4721	694
4721	676
4275	2495
4275	490
4275	89
4275	1838
16046	692
16046	490
16046	1371
16046	7103
16046	16047
7208	488
7208	7491
7208	7184
7208	4676
7208	1478
7208	490
7208	487
7208	2937
7208	478
7208	4697
7208	8723
7208	195
75	1821
75	488
75	175
75	1574
75	1248
75	116
75	4398
75	195
75	109
75	155
75	173
75	1528
75	672
75	1566
75	487
75	107
75	89
75	1873
75	188
75	490
75	473
75	326
11660	205
11660	490
11660	7437
11660	487
11660	4697
2495	1821
2495	4397
2495	2975
2495	4375
2495	89
2495	487
2495	116
2495	4365
2495	948
2495	173
2495	109
2495	490
10184	1827
10184	116
10184	1708
10184	1736
10184	1371
10184	109
10184	490
692	715
692	1478
692	492
692	1736
692	195
692	1708
692	787
692	250
692	175
692	540
692	1883
692	804
692	1691
692	674
692	4520
692	4244
692	6250
692	4697
692	786
692	4694
692	694
692	4378
692	716
692	16047
692	2924
692	4375
692	1907
692	116
692	109
692	490
692	4362
692	7269
692	7103
692	2975
692	1566
692	4237
692	1371
692	1558
692	1362
692	565
692	676
692	1873
692	6960
692	487
692	188
2924	232
2924	195
2924	4676
2924	716
2924	2055
2924	173
2924	250
2924	672
2924	2937
2924	4699
2924	662
2924	490
2924	1691
2924	4694
2924	487
2924	674
2924	2559
2924	676
2924	2950
2924	1087
2924	694
2924	489
4361	488
4361	473
4361	1478
4361	1558
4361	205
4361	490
4361	478
4361	404
4361	487
13162	1691
13162	490
13162	694
10955	1371
10955	7184
10955	7103
10955	4697
10955	490
10955	116
566	488
566	516
566	1478
566	948
566	1883
566	478
566	4237
566	662
566	1297
566	175
566	1528
566	672
566	576
566	786
566	473
566	195
566	490
566	471
566	188
566	487
404	1478
404	2937
404	4553
404	1084
404	1883
404	4374
404	516
404	1297
404	195
404	4520
404	4378
404	2740
404	205
404	155
404	109
404	1528
404	672
404	2975
404	786
404	250
404	232
404	487
404	471
404	595
404	716
404	188
404	490
404	478
7491	4676
7491	1478
7491	2937
7491	1084
7491	195
7491	787
7491	488
7491	2975
7491	490
7491	1087
7491	516
7491	4697
7491	8723
7491	489
7491	478
8647	1821
8647	1574
8647	1736
8647	1371
8647	116
8647	6960
8647	109
8647	490
8647	1838
8647	787
6960	1821
6960	1883
6960	4398
6960	1478
6960	116
6960	786
6960	4397
6960	1941
6960	155
6960	490
6960	1838
6960	787
2975	4676
2975	1478
2975	2937
2975	195
2975	1297
2975	1883
2975	1691
2975	674
2975	6250
2975	1827
2975	516
2975	694
2975	7269
2975	4520
2975	716
2975	2740
2975	205
2975	116
2975	155
2975	109
2975	662
2975	786
2975	1566
2975	250
2975	490
2975	1371
2975	4365
2975	676
2975	232
4375	1821
4375	7103
4375	1478
4375	489
4375	195
4375	109
4375	787
4375	1566
4375	490
4375	1371
4375	676
4375	1827
4375	6391
4375	487
4375	1838
4375	478
2774	175
2774	1907
2774	490
2774	492
2774	723
2774	478
2774	195
2774	4362
6391	195
6391	1566
6391	1478
6391	487
6391	1371
6391	490
6391	565
6391	715
6391	694
1558	1821
1558	195
1558	1478
1558	7303
1558	478
1558	116
1558	4398
1558	109
1558	175
1558	326
1558	1566
1558	89
1558	490
1558	1371
1558	676
1558	1782
9485	490
9485	804
565	488
565	1831
565	1478
565	716
565	492
565	195
565	478
565	787
565	5752
565	175
565	1566
565	490
565	1371
565	471
565	6250
565	715
565	188
7437	487
7437	716
7437	195
7437	1087
7437	4697
7437	490
1852	195
1852	6250
1852	786
1852	490
1852	1831
1852	326
676	4697
676	1478
676	2055
676	19350
676	787
676	250
676	175
676	1691
676	2950
676	674
676	1736
676	1870
676	715
676	4694
676	694
676	188
676	7318
676	4378
676	4363
676	195
676	4520
676	492
676	716
676	2937
676	116
676	109
676	662
676	4362
676	1566
676	473
676	89
676	487
676	1371
676	4365
676	2559
676	488
676	2743
676	1782
676	490
676	489
1873	1821
1873	4397
1873	4398
1873	1566
1873	490
1873	107
1873	326
1873	116
1873	1941
1873	1782
1873	109
8723	4676
8723	7184
8723	490
8723	4697
8723	478
1362	195
1362	487
1362	492
1362	4729
1362	478
1362	109
1362	490
1362	1838
1362	326
489	188
489	492
489	2937
489	173
489	1084
489	4699
489	250
489	674
489	1827
489	1087
489	1831
489	694
489	1838
489	488
489	195
489	4697
489	478
489	109
489	672
489	487
489	471
489	2743
489	490
489	326
466	804
466	473
466	195
466	490
466	492
466	723
466	694
466	155
19450	1574
19450	490
19450	1084
492	4697
492	4381
492	1478
492	2937
492	804
492	175
492	1883
492	1691
492	1477
492	674
492	2559
492	715
492	694
492	1838
492	488
492	716
492	195
492	7103
492	1499
492	478
492	188
492	109
492	1907
492	250
492	1708
492	490
492	4365
492	471
492	487
492	326
2055	694
2055	490
2055	674
2055	2937
2055	250
2055	2559
2055	471
2055	195
2055	4694
2055	662
2055	4362
9093	478
9093	1478
9093	490
1248	1821
1248	13150
1248	4398
1248	487
1248	490
4237	1821
4237	175
4237	1371
4237	1478
4237	487
4237	116
4237	195
4237	490
4237	478
19350	490
19350	1870
1941	1821
1941	4397
1941	4398
1941	487
1941	116
1941	1782
1941	109
1941	490
478	2937
478	89
478	787
478	576
478	8061
478	1827
478	4697
478	195
478	516
478	716
478	12364
478	116
478	155
478	672
478	487
478	473
478	4729
478	326
478	4676
478	1478
478	205
478	173
478	250
478	723
478	1297
478	175
478	7141
478	6250
478	188
478	1831
478	694
478	7184
478	1870
478	786
478	948
478	488
478	1528
478	1566
478	232
478	490
478	1371
478	7138
478	471
478	555
4699	250
4699	195
4699	2950
4699	490
4699	694
787	1821
787	1478
787	2937
787	173
787	195
787	1736
787	1883
787	6250
787	1827
787	715
787	786
787	1831
787	488
787	4520
787	4378
787	4397
787	116
787	109
787	662
787	1528
787	188
787	1566
787	487
787	1371
787	490
787	326
4398	1821
4398	4397
4398	1566
4398	487
4398	1782
4398	116
4398	109
4398	490
576	672
576	195
576	1478
576	487
576	8061
576	471
576	516
576	188
576	490
576	1297
1574	1821
1574	7103
1574	116
1574	109
1574	662
1574	1883
1574	487
1574	1371
1574	107
1574	490
1574	1838
1574	326
8061	1478
8061	487
8061	490
16047	490
16047	7103
16047	1371
516	1478
516	205
516	4553
516	1691
516	4374
516	1297
516	694
516	195
516	716
516	155
516	488
516	1528
516	672
516	786
516	250
516	232
516	487
516	4365
516	7138
516	471
516	595
516	490
516	188
4697	1478
4697	2937
4697	250
4697	4553
4697	195
4697	4676
4697	6250
4697	694
4697	7318
4697	4363
4697	7184
4697	7103
4697	116
4697	662
4697	488
4697	672
4697	490
4697	1371
4697	2743
4697	716
4697	487
4697	4701
7269	1371
7269	1566
7269	6250
7269	487
7269	116
7269	4520
7269	195
7269	1297
7269	109
7269	490
488	1371
488	2937
488	4374
488	1478
488	205
488	173
488	155
488	195
488	250
488	175
488	1477
488	4676
488	1087
488	6250
488	1297
488	1831
488	6406
488	1084
488	716
488	188
488	672
488	116
488	662
488	1827
488	7162
488	786
488	89
488	487
488	473
488	7138
488	471
488	232
488	326
488	490
488	4701
4363	7318
4363	195
4363	7103
4363	2743
4363	490
4363	674
4363	2937
195	250
195	7357
195	662
195	4374
195	116
195	1870
195	7162
195	4244
195	5752
195	2740
195	7303
195	948
195	155
195	109
195	173
195	672
195	1566
195	89
195	4729
195	487
195	2950
195	715
195	188
195	4676
195	1478
195	786
195	205
195	2937
195	107
195	4708
195	232
195	4553
195	1297
195	175
195	540
195	326
195	1691
195	7103
195	674
195	7432
195	4520
195	1487
195	6250
195	471
195	694
195	7318
195	4378
195	716
195	7184
195	4694
195	1499
195	1883
195	7430
195	4362
195	1477
195	1528
195	473
195	490
195	1371
195	4365
195	7138
195	7141
195	2559
195	595
195	2743
195	7397
195	555
195	4701
1827	1821
1827	116
1827	109
1827	662
1827	490
1827	487
1827	1371
1827	1708
1827	1736
1827	1838
1827	326
715	716
715	1499
715	7397
715	116
715	1371
715	490
715	250
715	473
715	487
715	674
715	1487
715	4378
715	188
715	694
715	6250
2740	716
2740	6406
2740	1084
2740	595
2740	1087
2740	490
2740	4701
7430	490
7430	7432
7430	7357
7303	7162
7303	490
7303	471
12364	2937
12364	490
12364	4362
116	1821
116	1371
116	1478
116	173
116	804
116	155
116	175
116	4397
116	7103
116	4520
116	4244
116	6250
116	1297
116	1708
116	694
116	1838
116	4378
116	326
116	7184
116	1551
116	109
116	662
116	1782
116	1566
116	89
116	487
116	4365
116	490
155	1297
155	175
155	694
155	205
155	804
155	4362
155	1528
155	672
155	89
155	232
155	487
155	473
155	107
155	188
155	490
155	326
1551	1478
1551	490
109	1821
109	173
109	326
109	4365
109	250
109	175
109	674
109	1736
109	4378
109	1708
109	1838
109	716
109	1883
109	4397
109	662
109	4729
109	1782
109	1566
109	89
109	487
109	1371
109	107
109	2559
109	4244
109	490
662	1371
662	1478
662	716
662	188
662	250
662	490
662	1566
662	487
662	674
662	107
662	1691
662	1487
662	1907
662	4362
662	694
662	326
5752	490
5752	4362
4708	1528
4708	1477
4708	487
4708	250
4708	490
672	205
672	2937
672	250
672	1084
672	1297
672	1477
672	4676
672	1487
672	7184
672	1499
672	948
672	1528
672	232
672	487
672	471
672	188
672	490
1566	1821
1566	1478
1566	2937
1566	1736
1566	6250
1566	4378
1566	1297
1566	694
1566	4520
1566	540
1566	786
1566	473
1566	89
1566	487
1566	1371
1566	4365
1566	107
1566	1782
1566	490
1907	175
1907	723
1907	1477
1907	487
1907	490
473	1478
473	1084
473	1297
473	175
473	1528
473	490
473	674
473	107
473	694
473	89
473	471
473	188
473	487
473	326
487	1831
487	786
487	4244
487	4520
487	2937
487	1478
487	107
487	13142
487	1736
487	326
487	1821
487	4676
487	205
487	173
487	250
487	175
487	1691
487	674
487	1487
487	6250
487	2950
487	1708
487	694
487	1838
487	4378
487	716
487	13150
487	1883
487	4362
487	1477
487	89
487	232
487	490
487	1371
487	8092
487	7397
487	188
107	948
107	188
107	490
107	326
7357	4676
7357	6406
7357	7432
7357	2937
7357	490
7357	4701
89	1821
89	1371
89	716
89	173
89	1782
89	175
89	540
89	1883
89	4694
89	326
89	490
13142	7397
13142	490
4729	490
4244	175
4244	490
4244	1371
4244	694
4244	173
1736	1371
1736	8092
1736	1708
1736	490
1736	326
326	1821
326	723
326	175
326	1883
326	1870
326	1708
326	1838
326	232
326	1831
326	1371
326	555
326	490
1821	13150
1821	1782
1821	173
1821	490
1821	4397
1821	7103
1821	1838
4381	2559
4381	490
4381	694
4374	232
4374	490
4374	716
4374	205
4374	7138
4374	250
1478	1691
1478	250
1478	4676
1478	4365
1478	205
1478	2937
1478	804
1478	1371
1478	540
1478	674
1478	4520
1478	6250
1478	786
1478	1831
1478	694
1478	716
1478	1782
1478	4362
1478	173
1478	1528
1478	471
1478	232
1478	490
1477	232
1477	490
1477	694
1477	1487
205	595
205	2937
205	1691
205	175
205	1528
205	250
205	232
205	4676
205	471
205	490
2937	4676
2937	250
2937	1691
2937	2950
2937	674
2937	4694
2937	694
2937	7318
2937	4520
2937	7184
2937	4362
2937	173
2937	1371
2937	471
2937	2743
2937	716
2937	490
2937	4701
173	716
173	250
173	1708
173	175
173	1528
173	1691
173	1371
173	4676
173	1831
173	490
250	232
250	1883
250	1691
250	2950
250	674
250	1487
250	4694
250	694
250	4676
250	716
250	4365
250	2559
250	471
250	2743
250	188
250	490
250	4701
723	175
723	490
723	1084
723	804
723	188
4553	1528
4553	786
4553	4676
4553	490
4553	716
4553	4365
1084	1087
1084	490
1084	716
1708	1883
1708	804
1708	1371
1708	490
4520	716
4520	1297
4520	1528
4520	1883
4520	6250
4520	1371
4520	786
4520	490
175	804
175	1297
175	1831
175	694
175	540
175	490
175	232
175	1371
175	188
804	490
804	188
1883	716
1883	786
1883	1371
1883	4378
1883	490
1691	4676
1691	674
1691	1870
1691	694
1691	716
1691	7397
1691	4365
1691	471
1691	232
1691	490
1691	555
7141	490
7141	471
7141	555
674	4378
674	188
674	490
674	2559
674	1487
674	716
674	4362
674	4694
674	694
2559	4362
2559	490
2559	1782
2559	694
1487	232
1487	1499
1487	1831
1487	490
6250	786
6250	490
6250	1297
6250	1371
6250	4676
6250	471
6250	694
2950	490
2950	716
1087	490
1087	716
1297	1528
1297	490
1297	1371
1297	471
1831	1371
1831	490
694	188
694	540
694	4676
694	786
694	716
694	7184
694	4362
694	4694
694	471
694	232
694	490
1838	1528
1838	7103
1838	490
7318	1528
7318	786
7318	2743
7318	490
7318	4365
4378	716
4378	1371
4378	490
4676	7184
4676	948
4676	490
4676	471
4676	2743
4676	4701
716	4694
716	948
716	786
716	1528
716	4365
716	232
716	188
716	490
7184	7103
7184	490
7184	1371
7103	4397
7103	490
7103	1371
7103	4365
4694	490
13150	490
1499	232
1499	490
540	490
540	1371
540	188
948	1528
948	490
948	471
7432	490
4397	1782
4397	490
7162	490
4362	490
6406	4701
6406	490
1528	595
1528	786
1528	490
1528	4365
1782	490
786	188
786	490
786	595
786	4365
786	471
232	4365
232	471
232	595
232	188
232	490
490	595
490	1371
490	4365
490	7138
490	188
490	471
490	2743
490	7397
490	1870
490	8092
490	4701
490	555
1371	4365
188	471
188	595
188	555
471	555
1870	555
----- Node: 490 Degree: 223
25995	25994
25995	23562
25994	23562
----- Node: 25994 Degree: 2
8629	26239
----- Node: 26239 Degree: 1
3703	3701
3703	3702
3703	3704
3703	140
3703	383
140	3701
140	3702
140	3704
140	383
3701	3702
3701	3704
3701	383
3702	3704
3702	383
3704	383
----- Node: 3704 Degree: 5
9363	910
9363	878
9363	5069
910	878
----- Node: 9363 Degree: 3
2621	16618
2621	26669
2621	16472
16618	26669
16618	16472
26669	16472
----- Node: 26669 Degree: 3
32840	32848
32840	12354
32840	32849
32848	12354
32848	32849
12354	32849
----- Node: 32848 Degree: 3
19136	2524
19136	950
19136	24448
19136	3933
2524	24448
2524	950
2524	3933
24448	950
24448	3933
950	3933
----- Node: 24448 Degree: 4
7375	195
----- Node: 7375 Degree: 1
14228	13468
14228	28909
14228	5068
14228	14396
14228	14175
14228	28910
14228	10803
14180	34398
14180	5068
14180	34397
14180	14155
11340	5068
14175	10803
14175	5068
14175	14396
14155	5068
14155	34397
28910	10803
28910	5068
28910	28909
14396	5068
14396	10803
34439	5068
14452	14251
14452	14252
14452	5068
13468	10803
13468	5068
13468	28909
5018	5068
34397	5068
34397	34398
34437	5068
14252	5068
14252	14251
10803	5068
10803	28909
34438	5068
34436	5068
34398	5068
28909	5068
5068	14251
5068	34435
5068	14344
----- Node: 5068 Degree: 22
32533	5038
----- Node: 32533 Degree: 1
3766	3290
3766	3368
3766	3367
3766	3258
3766	20969
3258	26979
3258	3290
3258	3367
3258	20969
3367	3368
3367	20969
3290	26979
3290	20969
20969	3368
20969	26979
----- Node: 20969 Degree: 6
9135	32819
----- Node: 32819 Degree: 1
2111	21086
----- Node: 21086 Degree: 1
647	25194
----- Node: 25194 Degree: 1
2229	16794
2229	16793
2229	16795
2229	16792
2229	16791
16794	16793
16794	16791
16794	16792
16794	16795
16793	16791
16793	16792
16793	16795
16792	16791
16792	16795
16791	16795
----- Node: 16793 Degree: 5
23684	15395
23684	23729
23684	23683
23684	23730
23729	15395
23729	23683
23729	23730
15395	23683
15395	23730
23683	23730
----- Node: 23729 Degree: 4
19284	939
19284	19258
19284	14402
19284	19312
19284	19260
19284	19298
19258	939
19258	14402
19258	19312
19258	19260
19258	19298
14402	19312
14402	19260
14402	939
14402	19298
19312	19298
19312	939
19312	19260
19260	19298
19260	939
939	19298
----- Node: 19298 Degree: 6
14346	14262
14346	6009
14346	14217
14346	14276
14346	14334
14346	14219
14346	14203
14346	14218
14346	1139
14346	6746
14262	14219
14262	6009
14262	1139
14262	14217
6009	14334
6009	14219
6009	6746
6009	14217
6009	1139
14217	14276
14217	14334
14217	14219
14217	14203
14217	14218
14217	1139
14217	6746
14276	14334
14276	14219
14276	14203
14276	1139
14334	1139
14334	14219
14334	6746
14334	14218
14334	14203
14219	14203
14219	14218
14219	1139
14219	6746
14203	1139
14218	1139
1139	6746
----- Node: 14346 Degree: 10
28339	893
----- Node: 28339 Degree: 1
26011	696
26011	8315
26011	26040
26011	4232
26011	26047
26011	26015
26011	26007
26011	8340
26011	8322
26011	26012
26011	26020
26014	696
26014	8315
26014	4232
26014	26015
26014	26010
26014	8340
26014	26029
26043	696
26043	4232
26043	8340
26043	26015
26015	26023
26015	26012
26015	26010
26015	8340
26015	8322
26015	26020
26015	696
26015	8315
26015	26041
26015	26029
26015	26007
26015	26040
26015	4232
26015	26036
26015	26026
26015	26047
26012	696
26012	4232
26012	26007
26012	8340
26012	8315
26007	696
26007	4232
26007	26040
26007	8340
26007	8315
26007	26020
26023	26010
26023	4232
26023	8340
26023	8322
8340	8322
8340	26026
8340	696
8340	8315
8340	26010
8340	26040
8340	4232
8340	26036
8340	26020
8340	26047
8322	696
8322	4232
8322	8315
8322	26040
8322	26036
8322	26010
8322	26047
26020	696
26020	4232
26020	8315
696	26029
696	8315
696	26010
696	26040
696	4232
696	26036
696	26026
696	26047
26041	4232
26029	26010
26029	4232
26010	8315
26010	4232
8315	26040
8315	4232
8315	26026
26040	4232
26040	26047
4232	26036
4232	26026
4232	26047
----- Node: 26015 Degree: 19
556	798
556	12944
556	343
556	21496
556	1455
556	555
798	12944
798	343
798	21496
798	1455
798	555
12944	343
12944	21496
12944	1455
12944	555
343	21496
343	1455
343	555
21496	1455
21496	555
1455	555
----- Node: 21496 Degree: 6
11639	2781
11639	1485
11639	11628
11639	11640
11639	11638
530	471
530	819
530	314
530	472
530	11628
819	471
819	11628
819	1233
819	472
819	314
314	472
314	471
314	11628
11640	2781
11640	1485
11640	11628
11640	11638
5270	7821
5270	11628
5270	471
5270	5431
472	11628
472	471
2740	11628
2740	4513
2740	1213
2740	1233
2740	1083
5431	7821
5431	11628
5431	471
5431	1083
5431	1233
1233	11628
1233	4513
1233	1213
1233	1083
7821	471
7821	11628
2781	11628
2781	1485
2781	11638
4513	11628
4513	1213
4513	1083
1213	11628
1213	1083
471	11628
11638	1485
11638	11628
1485	11628
11628	1083
----- Node: 11628 Degree: 18
35654	35656
35654	21580
35654	35655
35656	21580
35656	35655
21580	35655
----- Node: 35655 Degree: 3
32527	5038
----- Node: 32527 Degree: 1
30332	30333
----- Node: 30333 Degree: 1
9137	28774
----- Node: 28774 Degree: 1
155	8875
155	8876
155	878
8875	8876
8875	878
8876	878
----- Node: 8875 Degree: 3
32880	9861
32880	32875
----- Node: 32880 Degree: 2
9861	36002
----- Node: 36002 Degree: 1
23930	23931
23930	3311
23931	3311
----- Node: 23930 Degree: 2
27446	27447
27446	26449
27446	27445
27447	26449
27447	27445
26449	27445
----- Node: 27446 Degree: 3
34973	34974
34973	9941
34973	34975
34973	34976
34974	34976
34974	9941
34974	34975
9941	34975
9941	34976
----- Node: 34974 Degree: 4
12993	478
12993	12994
12993	12995
12993	12951
12993	484
12993	1361
478	12994
478	12995
478	12951
478	484
478	1361
12994	12995
12994	12951
12994	484
12994	1361
12995	12951
12995	484
12995	1361
12951	484
12951	1361
484	1361
----- Node: 12995 Degree: 6
19580	16692
19580	4263
18339	1028
18339	4263
16692	19579
16692	4263
4263	30537
4263	19579
4263	4256
4263	30538
4263	1028
4263	1569
30537	30538
4256	1569
1028	1569
----- Node: 4263 Degree: 9
20452	19823
20452	20439
20452	20449
19823	20449
19823	20439
20439	20449
----- Node: 20452 Degree: 3
5983	5974
5983	370
5974	370
----- Node: 5974 Degree: 2
30106	5038
30106	31515
30106	31516
33281	33280
33281	33279
33281	31516
33279	31516
33279	33280
5038	31515
5038	31516
31516	31515
31516	33280
----- Node: 31516 Degree: 6
1672	23247
1672	23228
23247	23228
----- Node: 23228 Degree: 2
3831	3279
3831	3260
3831	140
3831	3320
3831	2630
3279	3259
3279	140
3279	3320
3279	2630
3279	3280
3279	3346
3279	3260
3259	3280
3259	3320
3259	140
3259	2630
3259	3346
3259	3260
140	3320
140	2630
140	3280
140	3346
140	3260
3320	3260
3320	2630
3320	3280
3320	3346
2630	3280
2630	3346
2630	3260
3280	3346
3280	3260
3346	3260
----- Node: 3320 Degree: 8
24961	24948
24961	24950
24961	24949
24961	24944
24961	24960
24961	24952
24949	24948
24949	24950
24949	24947
24949	24944
24949	24953
24949	24960
24949	24951
24949	24952
25041	24950
25041	24951
25041	25040
24953	24950
24953	24944
24953	24951
24953	24952
25040	24950
25040	24951
24951	24948
24951	24950
24951	24944
24951	24947
24951	24952
24948	24950
24948	24944
24948	24947
24950	24944
24950	24960
24950	24947
24950	24952
24944	24952
24944	24960
24944	24947
24960	24952
24947	24952
----- Node: 24950 Degree: 11
300	136
300	473
300	664
300	808
300	184
300	7093
300	480
300	7966
300	516
300	2956
300	520
300	6033
300	539
808	136
808	10613
808	7093
808	7966
808	473
808	2956
808	539
808	520
808	6033
808	184
184	136
184	516
184	473
184	458
184	5167
184	664
184	7966
184	520
184	6033
184	539
5494	480
5494	7966
5494	520
5494	5167
5494	8062
5494	664
5494	539
7093	136
7093	7966
7093	473
7093	2956
7966	10625
7966	2956
7966	664
7966	6033
7966	136
7966	10613
7966	730
7966	473
7966	458
7966	2571
7966	8062
7966	512
7966	480
7966	550
7966	5167
7966	569
7966	516
7966	520
7966	539
2956	136
2956	516
2956	473
2956	520
2956	539
664	136
664	10613
664	550
664	473
664	5167
664	480
664	10625
664	516
664	520
664	6033
664	539
6033	136
6033	516
6033	520
6033	5167
6033	539
6033	8062
136	512
136	473
136	458
136	5167
136	8062
136	480
136	550
136	520
136	516
136	539
10613	480
10613	10625
10613	520
10613	5167
10613	539
730	516
730	550
730	458
730	2571
730	512
473	5167
473	480
473	520
473	539
458	512
458	480
458	516
458	2571
458	569
458	520
458	539
5167	10625
5167	480
5167	516
5167	520
5167	539
8062	480
8062	520
512	516
512	2571
512	569
512	520
512	539
480	550
480	516
480	520
480	539
10625	520
10625	539
550	520
516	520
516	539
520	539
----- Node: 7966 Degree: 24
7257	195
7257	7258
7257	7259
195	7258
195	7259
7258	7259
----- Node: 7258 Degree: 3
10045	147
----- Node: 10045 Degree: 1
7657	31399
7657	31401
7657	31400
7657	5038
31399	31401
31399	31400
31399	5038
31401	31400
31401	5038
31400	5038
----- Node: 31400 Degree: 4
30691	1813
30691	5030
30691	12786
30691	30692
30691	30693
5030	1813
5030	12786
5030	30692
5030	30693
12786	1813
12786	30692
12786	30693
30692	1813
30692	30693
1813	30693
----- Node: 30692 Degree: 5
25403	25405
25403	25404
25403	25402
25405	25404
25405	25402
25404	25402
----- Node: 25404 Degree: 3
27361	26339
27361	27362
27361	26340
26339	27362
26339	26340
27362	26340
----- Node: 27361 Degree: 3
823	16484
823	7547
823	614
16484	7547
16484	614
7547	614
----- Node: 16484 Degree: 3
1672	23263
----- Node: 23263 Degree: 1
9131	60
9131	34947
9131	34941
9131	34949
9131	34920
9131	15044
9131	34948
9131	9839
9131	9
9131	34943
9131	34950
9131	34946
9131	34945
9131	34944
9131	62
9131	34942
----- Node: 9131 Degree: 16
5549	102
----- Node: 5549 Degree: 1
12878	30934
----- Node: 30934 Degree: 1
823	18059
----- Node: 18059 Degree: 1
5186	212
5186	5187
5183	212
5181	212
213	212
213	5189
213	5
213	78
5	212
78	212
212	5184
212	5188
212	5187
212	5182
212	5185
212	5189
----- Node: 212 Degree: 12
2943	889
2943	891
2943	4821
2943	4092
2943	11045
2943	2929
2943	1471
2943	2076
2943	2055
889	891
889	11045
889	1471
889	2929
889	2055
2929	4821
2929	4092
2929	891
2929	11045
2929	1471
2929	2076
2929	2055
4821	4092
4821	11045
4821	2076
4092	11045
4092	1471
4092	2076
891	11045
891	1471
891	2055
11045	1471
11045	2076
11045	2055
1471	2076
1471	2055
----- Node: 11045 Degree: 9
2551	172
2551	2547
2547	172
----- Node: 2547 Degree: 2
23901	3311
23901	23946
3311	23946
----- Node: 23901 Degree: 2
1316	797
1316	355
1316	416
1316	2568
1316	299
1316	2507
1316	1308
1316	812
1316	4625
1316	16609
1316	292
1316	241
1316	140
1316	2608
1316	2656
1316	650
1316	2619
1308	797
1308	2573
1308	2507
1308	292
1308	241
1308	2608
1308	652
1308	549
1308	355
1308	416
1308	2648
1308	2568
1308	299
1308	1667
1308	2592
1308	1330
1308	812
1308	140
1308	398
1308	180
1308	650
1308	2619
5846	416
5846	299
5846	3169
5846	2573
5846	2507
5846	5845
2573	797
2573	1330
2573	3169
2573	2507
2573	2666
2573	292
2573	241
2573	14502
2573	2608
2573	572
2573	3334
2573	416
2573	2648
2573	2568
2573	299
2573	1667
2573	812
2573	5845
2573	140
2573	2619
2573	650
2573	180
572	241
572	416
572	652
572	3169
572	1667
572	2507
572	1555
572	549
2666	1330
2666	2507
2666	241
2666	416
2666	140
2666	2568
2666	3334
2666	1159
1330	355
1330	416
1330	2568
1330	299
1330	1667
1330	2507
1330	292
1330	241
1330	140
1330	3334
1330	180
20394	4002
20394	1667
20394	2507
20394	20395
20394	20396
2608	416
2608	3045
2608	2648
2608	2568
2608	299
2608	1667
2608	2507
2608	292
2608	241
2608	140
2608	180
2656	797
2656	416
2656	3045
2656	299
2656	1667
2656	4625
2656	1159
2656	2507
2656	16609
2656	292
2656	241
2656	140
2656	3169
2656	652
2656	650
2656	2619
1555	797
1555	3102
1555	355
1555	416
1555	299
1555	1667
1555	398
1555	2507
1555	140
1555	652
1555	180
1555	549
14744	1667
14744	2507
2648	2568
2648	299
2648	1667
2648	2507
2648	292
2648	140
2648	652
2648	416
2648	549
2568	797
2568	2507
2568	292
2568	241
2568	652
2568	549
2568	355
2568	416
2568	299
2568	1667
2568	2592
2568	812
2568	140
2568	398
2568	180
2568	2619
299	797
299	4625
299	1159
299	2507
299	4002
299	292
299	241
299	3334
299	549
299	3102
299	355
299	416
299	1667
299	2592
299	652
299	5845
299	140
299	3169
299	398
299	180
299	650
299	2619
1667	797
1667	168
1667	650
1667	1159
1667	2507
1667	4002
1667	292
1667	241
1667	14502
1667	652
1667	3334
1667	3102
1667	355
1667	416
1667	2592
1667	549
1667	4625
1667	20395
1667	140
1667	3169
1667	398
1667	2619
1667	20396
1667	180
650	797
650	416
650	2507
650	292
650	241
650	140
650	2619
812	292
812	416
812	241
812	652
812	2507
812	1159
812	140
3169	355
3169	416
3169	2592
3169	2507
3169	292
3169	241
3169	5845
3169	140
3169	652
3169	398
3169	2619
3169	549
398	2507
398	168
398	416
398	355
398	652
398	1159
398	549
398	292
398	241
398	140
398	2619
398	180
20396	4002
20396	2507
20396	20395
180	797
180	3102
180	2507
180	140
180	292
180	355
180	168
180	241
180	652
180	416
180	549
797	3102
797	416
797	355
797	4625
797	2507
797	292
797	241
797	140
797	652
797	549
797	2619
3045	292
3045	241
3045	140
3045	2507
3045	2619
2507	1159
2507	5845
2507	4002
2507	16609
2507	292
2507	14502
2507	3334
2507	3102
2507	355
2507	168
2507	549
2507	4625
2507	2592
2507	652
2507	241
2507	140
2507	416
2507	20395
2507	2619
1159	355
1159	416
1159	549
1159	292
1159	241
1159	140
1159	652
1159	2619
4002	20395
4002	140
16609	4625
16609	2619
241	292
241	3102
241	355
241	416
241	168
241	140
241	2619
14502	3334
652	3334
652	549
652	3102
652	355
652	416
652	2592
652	4625
652	140
652	2619
3334	355
3334	416
3334	140
3334	549
549	3102
549	416
549	2592
549	355
549	140
549	2619
3102	416
3102	4625
355	292
355	416
355	2592
355	4625
355	140
355	2619
416	168
416	4625
416	292
416	2592
416	5845
416	140
416	2619
168	140
292	4625
292	140
292	2619
2592	140
2592	2619
140	2619
----- Node: 2507 Degree: 43
4144	15902
4144	4594
4144	26234
15902	4594
15902	26234
4594	26234
----- Node: 26234 Degree: 3
5863	35631
5863	35632
5863	35630
35631	35632
35631	35630
35632	35630
----- Node: 35630 Degree: 3
337	78
----- Node: 337 Degree: 1
851	76
851	452
851	520
851	1554
851	581
401	458
401	76
401	520
401	1554
401	1443
80	76
80	1554
1554	581
1554	458
1554	76
1554	452
1554	520
1554	1443
581	452
581	520
458	76
458	520
458	1443
76	452
76	520
76	1443
452	520
520	1443
----- Node: 1554 Degree: 9
286	12012
286	1168
286	13991
286	408
12012	13991
12012	1168
12012	408
13991	1168
13991	408
1168	408
----- Node: 13991 Degree: 4
271	458
271	913
271	718
271	929
1528	458
1528	95
1528	718
470	458
470	718
470	188
5170	458
5170	95
5170	718
458	232
458	95
458	718
458	188
232	718
232	188
913	718
913	929
188	718
95	718
718	929
----- Node: 718 Degree: 10
488	195
488	4676
488	1478
488	487
488	7380
488	4616
488	2937
488	7491
488	7379
488	478
488	4697
488	7208
488	452
488	490
488	816
4697	816
4697	7184
4697	4676
4697	1478
4697	490
4697	8723
4697	4616
4697	2937
4697	7491
4697	7379
4697	478
4697	7380
4697	7208
4697	195
4697	452
4697	487
816	7208
816	478
816	1478
816	4676
816	195
816	490
816	487
816	2937
816	4616
7184	7208
7184	195
7184	478
7184	4676
7184	8723
7184	490
7184	452
7184	2937
4676	195
4676	1478
4676	487
4676	8723
4676	4616
4676	2937
4676	7491
4676	478
4676	7208
4676	452
4676	490
1478	487
1478	4616
1478	2937
1478	7491
1478	490
1478	478
1478	7208
1478	195
1478	452
490	487
490	4616
490	2937
490	7491
490	478
490	8723
490	7208
490	195
490	452
8723	7491
8723	7208
8723	478
4616	2937
4616	7491
4616	478
4616	7208
4616	195
4616	452
2937	7491
2937	478
2937	7208
2937	195
2937	487
7491	7208
7491	478
7491	195
7379	7208
7379	195
7379	452
7379	7380
478	452
478	7208
478	195
478	487
7380	7208
7380	195
7380	452
7208	195
7208	452
7208	487
195	452
195	487
452	487
----- Node: 7208 Degree: 17
466	473
466	186
466	2564
466	470
466	943
466	509
466	589
466	2064
466	4535
466	195
466	155
15208	2541
15208	4535
15208	595
4381	2088
4381	4535
4381	1365
4381	273
4381	20977
4374	1507
4374	232
4374	6252
4374	516
4374	2385
4374	404
4374	195
4374	596
4374	4535
4374	4685
4374	273
616	4535
616	195
616	516
616	232
616	368
616	470
616	381
616	595
616	620
616	752
616	493
616	589
2064	2564
2064	4535
20978	20976
20978	4535
464	577
464	2564
464	195
464	232
464	504
464	4535
464	737
464	516
464	368
464	404
464	620
464	155
184	136
184	1507
184	232
184	884
184	186
184	802
184	949
184	504
184	4535
184	273
184	620
184	752
184	516
184	155
184	404
184	195
184	1297
184	473
184	539
1365	136
1365	4535
1365	20977
752	136
752	4535
752	186
752	595
752	560
752	2564
752	470
752	516
752	368
752	620
752	195
752	493
752	539
620	232
620	186
620	595
620	195
620	4535
620	509
620	470
620	516
620	368
620	404
620	589
620	493
620	7171
620	539
7171	232
7171	195
7171	516
7171	368
7171	4535
7130	136
7130	934
7130	195
7130	7310
7130	1026
7130	4535
7130	273
7130	1297
1297	136
1297	1507
1297	473
1297	186
1297	7310
1297	8330
1297	577
1297	504
1297	2564
1297	802
1297	934
1297	652
1297	516
1297	155
1297	404
1297	195
1297	1026
1297	4535
1297	539
1507	136
1507	4535
1507	186
1507	473
1507	802
1507	884
1507	8330
1507	652
1507	195
1507	943
1507	539
186	232
186	195
186	504
186	884
186	155
186	136
186	473
186	585
186	802
186	509
186	949
186	4535
186	652
186	470
186	381
186	516
186	943
186	589
186	493
186	455
186	444
186	539
585	136
585	1026
585	473
585	509
585	232
585	596
585	4535
585	273
585	560
585	934
585	470
585	516
585	444
585	404
585	155
585	493
585	504
585	539
802	195
802	8330
802	504
802	884
802	6865
802	652
802	404
802	155
802	136
802	127
802	473
802	560
802	949
802	4535
802	273
802	455
802	595
802	943
802	596
802	539
195	136
195	884
195	595
195	368
195	504
195	127
195	2385
195	7310
195	404
195	1026
195	577
195	473
195	509
195	232
195	155
195	4535
195	934
195	652
195	470
195	381
195	516
195	943
195	589
195	4685
195	493
195	2564
195	444
195	539
2088	4535
2088	539
13569	20975
13569	20976
13569	884
13569	4535
13569	943
4535	7310
4535	273
4535	934
4535	737
4535	516
4535	943
4535	589
4535	4685
4535	493
4535	596
4535	444
4535	539
4535	577
4535	884
4535	6252
4535	8330
4535	2541
4535	504
4535	2564
4535	6865
4535	2385
4535	20976
4535	368
4535	404
4535	155
4535	4508
4535	136
4535	1026
4535	127
4535	473
4535	232
4535	560
4535	2601
4535	509
4535	652
4535	20975
4535	381
4535	595
4535	949
4535	20977
4535	455
4535	470
273	136
273	577
273	232
273	596
273	2385
273	7310
273	516
273	444
273	404
273	155
273	1026
273	4508
20975	20976
934	136
934	1026
934	2564
934	473
934	504
934	737
934	7310
737	577
737	2564
737	470
737	404
737	504
516	504
516	368
516	596
516	444
516	404
516	155
516	136
516	509
516	232
516	470
516	381
516	595
516	493
516	455
516	539
943	509
943	884
943	6865
943	136
943	470
943	473
589	509
589	470
589	381
589	595
589	368
589	493
589	455
4685	2385
4685	6252
493	2564
493	368
493	404
493	4508
493	136
493	232
493	470
493	381
493	595
493	127
493	455
493	444
493	539
596	577
596	560
596	136
596	444
444	136
444	1026
444	595
444	473
444	560
444	232
444	2385
444	470
444	404
444	539
577	136
577	2564
577	404
577	504
577	470
577	539
368	232
368	595
368	509
368	470
368	404
368	155
368	539
2564	136
2564	473
2564	4508
2564	595
2564	404
2564	504
2564	539
6252	2385
8330	136
2541	595
504	136
504	473
504	232
504	652
504	404
504	470
884	136
884	6865
884	473
884	652
884	155
884	539
2385	127
7310	1026
652	136
652	949
652	2601
652	470
652	127
404	136
404	595
404	155
404	232
404	4508
404	455
404	539
155	127
155	136
155	473
155	509
155	232
155	470
155	949
155	455
155	539
4508	595
4508	539
136	595
136	232
136	473
136	509
136	949
136	560
136	470
136	539
473	509
473	470
473	539
473	560
232	595
232	509
232	381
232	455
232	539
560	470
509	470
509	539
470	595
470	539
381	595
381	949
381	455
595	455
595	539
----- Node: 4535 Degree: 64
1330	292
1330	7853
1330	7851
1330	7852
7853	7851
7853	292
7853	7852
7851	292
7851	7852
7852	292
----- Node: 7851 Degree: 4
33079	33077
33079	33056
33079	33076
33079	33080
33079	33078
33080	33056
33080	33077
33080	33076
33080	33078
33056	33077
33056	33076
33056	33078
33078	33077
33078	33076
33076	33077
----- Node: 33076 Degree: 5
5716	22048
5716	22532
5716	353
5716	2576
5716	24518
5716	22047
22048	22532
22048	353
22048	2576
22048	24518
22048	22047
22532	353
22532	2576
22532	24518
22532	22047
353	2576
353	24518
353	22047
2576	24518
2576	22047
24518	22047
----- Node: 24518 Degree: 6
716	15950
716	273
15950	273
----- Node: 15950 Degree: 2
588	21674
5051	21674
9130	21674
5023	21674
----- Node: 21674 Degree: 4
33673	20764
----- Node: 33673 Degree: 1
35705	30513
----- Node: 35705 Degree: 1
31429	7711
31429	7751
31429	5840
31429	7709
31429	7665
31428	7711
31428	7710
31428	5840
31428	7709
31428	7665
7665	7711
7665	1330
7665	26617
7665	5840
7665	7709
7665	292
7665	7710
26626	26617
26626	1330
26626	7709
26626	5840
1330	7711
1330	292
1330	7709
1330	26617
1330	5840
7710	7711
7710	292
7710	26617
7710	5840
7710	7709
7711	7751
7711	26617
7711	5840
7711	7709
7711	292
26617	7709
26617	5840
292	7751
292	5840
292	7709
7751	7709
7751	5840
5840	7709
----- Node: 7709 Degree: 11
24566	1076
24566	353
1076	353
----- Node: 24566 Degree: 2
823	7523
823	18241
823	1097
823	7553
823	7551
1097	18241
1097	7523
1097	7553
1097	7551
7551	7523
7551	7553
7551	18241
7523	18241
7523	7553
18241	7553
----- Node: 18241 Degree: 5
7088	195
7088	3188
7088	4697
7088	1197
7088	2920
7088	20762
7088	3141
14028	700
14028	672
14028	3141
14028	4697
195	488
195	672
195	4676
195	1197
195	2920
195	700
195	4616
195	2937
195	292
195	7306
195	7105
195	3188
195	4697
195	4524
195	3141
195	2748
12747	4524
12747	7105
12747	3141
12747	2748
12747	18406
4676	488
4676	672
4676	5782
4676	1197
4676	2920
4676	700
4676	4616
4676	2937
4676	1198
4676	7306
4676	3188
4676	4697
4676	3141
1197	4697
1197	672
1197	2920
1197	20762
1197	4616
1197	346
1197	1198
1197	292
1197	2937
1197	3188
1197	700
1197	3141
2920	488
2920	3188
2920	20762
2920	700
2920	4697
2920	3141
2920	2937
20762	3188
20762	4697
20762	3141
2937	488
2937	672
2937	700
2937	4616
2937	7306
2937	3188
2937	4697
2937	3141
292	672
292	3137
292	3188
292	700
292	2577
292	241
292	3141
292	346
292	1198
7306	488
7306	3188
7306	4697
7306	3141
2748	4524
2748	18406
2748	3141
2748	7105
700	488
700	672
700	4616
700	7105
700	241
700	4697
700	4524
700	346
700	3141
2577	241
2577	346
2577	4616
2577	3141
2577	3137
2577	1198
3141	5478
3141	4697
3141	488
3141	672
3141	5782
3141	18406
3141	4616
3141	346
3141	1198
3141	241
3141	3188
3141	4524
3141	7105
3141	3137
488	672
488	4616
488	3188
488	4697
488	4524
672	5782
672	4616
672	1198
672	241
672	346
672	3188
672	4697
672	3137
5782	1198
5782	5478
5782	3137
5782	4616
18406	4524
18406	7105
4616	346
4616	4697
4616	5478
7105	4524
1198	241
1198	346
1198	3188
1198	3137
241	346
241	3188
241	3137
346	3137
3188	4697
4697	4524
----- Node: 3141 Degree: 28
10073	6944
10073	147
6944	147
----- Node: 10073 Degree: 2
33005	5557
33005	33004
33005	33003
5557	33003
5557	33004
33015	33003
33015	5564
33004	33003
5564	33003
----- Node: 33003 Degree: 5
3357	26433
3357	2630
26433	2630
----- Node: 26433 Degree: 2
5000	360
5000	4915
5000	4914
5000	887
360	4915
360	4914
360	887
4915	4914
4915	887
4914	887
----- Node: 5000 Degree: 4
23476	22463
23476	23474
23476	23475
23476	13200
22463	23474
22463	23475
22463	13200
23474	23475
23474	13200
23475	13200
----- Node: 23476 Degree: 4
851	6782
851	10493
6782	10493
----- Node: 10493 Degree: 2
27672	27671
----- Node: 27672 Degree: 1
17736	8678
17736	17735
17736	4522
17736	17657
17736	273
17735	4522
17735	8678
17735	273
17735	17657
4522	8678
4522	273
4522	17657
8678	17657
8678	273
17657	273
----- Node: 17736 Degree: 5
1170	134
1170	1127
1170	1084
1170	734
1170	353
1170	1087
1170	6447
1170	6018
1170	1028
1170	17119
1170	639
1170	444
1170	2722
1170	1154
1170	17116
1170	370
1170	10830
1170	4680
1170	1350
1170	5536
1170	6047
1408	851
1408	1697
1408	9284
1408	6018
1408	639
1408	1028
530	851
530	5536
530	353
530	815
530	6018
530	639
530	370
530	734
530	2595
530	444
530	1127
530	6047
719	11698
719	134
719	7757
719	1128
719	1350
719	6193
719	444
719	6018
719	639
719	370
719	1127
1084	851
1084	134
1084	639
1084	1128
1084	6124
1084	353
1084	1028
1084	815
1084	1087
1084	6018
1084	734
1084	370
1084	1111
1084	2722
1084	1154
1084	444
1084	5536
1084	1127
1084	6047
205	353
205	1028
205	11660
205	6018
205	11654
205	370
205	639
205	5991
205	2722
205	1697
205	9284
205	4680
205	6047
18354	6262
18354	6018
18354	1028
639	11698
639	5536
639	1127
639	17123
639	11660
639	1128
639	17116
639	815
639	1028
639	17119
639	3128
639	5991
639	2722
639	1154
639	370
639	17125
639	17137
639	4680
639	353
639	10830
639	851
639	134
639	17132
639	1350
639	6447
639	6018
639	11654
639	9284
639	734
639	1087
639	1697
639	17124
639	6047
639	1111
639	444
639	2595
23625	10830
23625	5536
23625	6447
23625	6018
23625	17116
17116	5536
17116	17132
17116	353
17116	6447
17116	6018
17116	17119
17116	17137
17116	17124
17116	10830
17116	4680
17125	5991
17125	6047
17125	6018
17125	17124
4680	5536
4680	353
4680	17132
4680	1350
4680	6447
4680	6018
4680	370
4680	734
4680	17119
4680	1154
4680	10830
4680	444
4680	6047
851	5536
851	1127
851	6124
851	1350
851	1028
851	815
851	444
851	6018
851	734
851	370
851	1154
851	2595
851	1697
851	1128
851	353
851	3427
134	11698
134	353
134	815
134	444
134	6018
134	734
134	370
134	1028
134	1087
134	2722
134	1154
134	1127
134	1111
134	7757
6124	1127
6124	6047
6124	1128
6124	1087
6124	6018
6124	734
6124	370
6124	1028
353	5536
353	17132
353	17119
353	1028
353	5991
353	2722
353	1154
353	370
353	10830
353	11654
353	6447
353	6018
353	9284
353	734
353	6047
353	3128
353	1111
353	444
353	2595
6193	11698
6193	7757
6193	1350
6193	6018
6193	1028
6193	370
6193	1127
6447	5536
6447	3128
6447	17132
6447	6018
6447	370
6447	1154
6447	10830
11654	9284
11654	11660
11654	6018
9284	6018
17137	17124
17137	6018
1087	11698
1087	1350
1087	6018
1087	444
1087	815
1087	370
1087	1028
1087	734
1087	5991
1087	2722
1087	1154
1087	1127
1087	1111
1087	6047
2722	1028
2722	6018
2722	370
2722	6047
2722	444
1697	2595
1697	6018
3427	6018
3427	2595
11698	7757
11698	6018
11698	6047
5536	17132
5536	815
5536	17123
5536	17119
5536	1154
5536	10830
5536	6018
5536	6047
5536	3128
5536	17124
5536	1127
5536	444
3128	444
3128	6047
3128	10830
3128	6018
3128	734
3128	370
17132	6018
11660	6018
815	1127
815	1028
815	6018
815	734
815	370
815	2595
815	1111
17123	6018
17123	17124
17119	6018
6120	6047
6120	6018
6120	1028
6120	370
6120	1127
5991	1028
5991	6018
5991	370
5991	6047
5991	1154
5991	444
5991	17124
370	1128
370	444
370	1028
370	1154
370	1350
370	6018
370	1127
370	734
370	6047
370	6262
370	1111
370	2595
1154	6018
1154	1028
1154	734
1154	10830
1154	444
444	1128
444	1028
444	734
444	10830
444	1350
444	6018
444	1127
444	1111
444	2595
10830	6018
18561	6018
18561	1028
18561	6047
1028	1350
1028	6018
1028	734
1028	1111
1028	1128
1028	6262
1028	1127
1028	6047
2595	6018
1350	6018
1350	6047
1350	1128
1350	1127
1350	1111
6018	734
6018	1127
6018	6047
6018	1128
6018	17124
6018	6262
6018	1111
6018	7757
734	1127
734	1111
1127	6047
1127	1128
1127	1111
6047	1128
6047	17124
6047	6262
6047	1111
----- Node: 6018 Degree: 51
35561	35562
35561	13272
35561	35563
1528	13303
1528	13306
1528	13272
13303	13306
13303	13272
13272	35563
13272	35562
13272	13306
35563	35562
----- Node: 13272 Degree: 6
26418	2630
----- Node: 26418 Degree: 1
5211	3844
5211	17660
5211	27391
5211	17661
5211	273
27391	3844
27391	17661
17661	17660
17661	273
17661	3844
17660	273
273	3844
----- Node: 17661 Degree: 5
22163	3196
22163	22165
22163	2045
22163	22147
22163	22164
22163	22162
3196	22164
3196	2045
3196	22147
3196	22165
3196	22162
22164	2045
22164	22147
22164	22165
22164	22162
2045	22147
2045	22165
2045	22162
22147	22165
22147	22162
22165	22162
----- Node: 22164 Degree: 6
33177	22743
33177	33181
33177	33179
33177	29111
33177	33178
33177	33182
33177	33180
22743	33181
22743	33179
22743	33178
22743	33182
22743	33180
33181	33179
33181	29111
33181	33178
33181	33182
33181	33180
33179	29111
33179	33178
33179	33182
33179	33180
29111	33178
29111	33182
29111	33180
33178	33182
33178	33180
33182	33180
----- Node: 33181 Degree: 7
